image_number	cell_id	Cgroup	C101	C102	C103	C104	C105	C106	C107	C108	C109	C110	C111	C112	C113	C114	C115	C116	C117	C118	C126	C127	C128	
1	0	no	1210.0	128.22539663999987	41.617304093369626	35.22782990761707	-1.0	-1.0	-1.0	-1.0	-1.0	-1.0	-1.0	-1.0	-1.0	-1.0	1.1813757532754239	-1.0	-1.0	-1.0	65.0	3.0	-1.0	
1	1	no	1187.0	126.46803731999985	40.8166632639171	34.48187929913333	-1.0	-1.0	-1.0	-1.0	-1.0	-1.0	-1.0	-1.0	-1.0	-1.0	1.1837134197306638	-1.0	-1.0	-1.0	70.0	4.0	-1.0	
1	2	no	1158.0	125.88225087999984	40.26164427839479	35.17101079013795	-1.0	-1.0	-1.0	-1.0	-1.0	-1.0	-1.0	-1.0	-1.0	-1.0	1.1447394707713168	-1.0	-1.0	-1.0	70.0	3.0	-1.0	
1	3	medium	1921.0	194.06601700000004	45.48626166217664	38.27531841800928	29.549333320671366	33.340707346477004	24.0	25.591976805801433	15.0	23.479616943066528	37.75278847373611	21.02379604162864	42.72	0.937793910260166	1.188396688576586	0.7891253141940492	0.5534343459132006	0.3528169014084507	89.0	4.0	42.720018726587654	
1	4	medium	1703.0	189.82337632	43.04648650006177	36.359317925395686	32.79489381576872	30.735487701920103	23.0	22.23705406638223	13.0	23.091315478176686	36.30431139298207	21.02379604162864	45.18181818181818	1.0343096676088577	1.1839189774788192	0.8736321380804641	0.5459562761138603	0.33046875	62.0	4.0	41.773197148410844	
1	5	small	1394.0	148.85281359999985	44.40720662234904	36.345563690772494	7.765166018425333	13.475759155924976	10.04987562112089	-1.0	13.038404810405298	5.179339514777017	30.072445960646736	21.0	22.225686469786584	-1.0	1.2218054175790167	-1.0	0.2326057710027405	0.07561728395061729	90.0	3.0	43.104524124504614	
1	6	no	1029.0	118.22539663999986	38.01315561749642	32.202484376209235	-1.0	-1.0	-1.0	-1.0	-1.0	-1.0	-1.0	-1.0	-1.0	-1.0	1.180441706714406	-1.0	-1.0	-1.0	52.0	3.0	-1.0	
1	7	no	1374.0	136.12489155999987	44.654227123532216	37.44329045369811	-1.0	-1.0	-1.0	-1.0	-1.0	-1.0	-1.0	-1.0	-1.0	-1.0	1.1925828788672046	-1.0	-1.0	-1.0	63.0	3.0	-1.0	
1	8	small	1481.0	161.19595935999996	42.37924020083418	36.05551275463989	5.253802751262258	0.855097396266725	15.811388300841896	16.2865147996669	12.649110640673518	2.123681301823539	36.332862852752505	20.615528128088304	142.30249470757678	0.9708269998419354	1.175388642763942	0.8259625493394448	0.35930260796396385	0.17167721518987342	70.0	4.0	42.720018726587654	
1	9	small	1270.0	138.71067799999992	41.78516483155236	35.4682957019364	6.277298489597555	28.162527374323616	8.06225774829855	-1.0	13.152946437965905	5.887256900665452	25.008249831174552	18.681541692269406	12.47368179925436	-1.0	1.1780990319552087	-1.0	0.20269472707796804	0.05394190871369295	82.0	8.0	40.496913462633174	
1	10	small	1385.0	150.61017291999985	43.08131845707603	36.40054944640259	0.550903979218571	3.3664606634298018	12.649110640673518	16.29689368268437	14.560219778561036	0.9284766908852594	31.483041257039524	19.313207915827967	15.811388300841895	0.7761669731031834	1.1835348397834058	0.6558040769169302	0.3001612227379946	0.13246116107931316	70.0	3.0	41.23105625617661	
1	11	large	1904.0	196.40916276000002	41.78516483155236	37.33630940518894	5.063616853030084	11.58173204577102	29.68164415931166	27.298028999669135	15.264337522473747	8.902681166859953	47.78190529329775	19.235384061671343	44.34366115367039	1.0873182147938745	1.1191562716625956	0.971551732608867	0.7045277816297836	0.5135135135135135	109.0	3.0	40.85339643163099	
1	12	large	2203.0	213.23758988000006	42.04759208325728	37.12142238654117	54.06650273981616	57.59211793699062	33.015148038438355	34.01735718652438	16.401219466856727	43.42698141630531	27.962290593054963	19.209372712298546	51.4382767220038	0.9705383007095261	1.1327042279097084	0.8568329461438992	0.8299192866206544	0.7224394057857702	84.0	3.0	39.66106403010388	
1	13	complex	-1.0	-1.0	-1.0	-1.0	-1.0	-1.0	-1.0	-1.0	-1.0	-1.0	-1.0	-1.0	-1.0	-1.0	-1.0	-1.0	-1.0	-1.0	-1.0	-1.0	-1.0	
1	14	complex	-1.0	-1.0	-1.0	-1.0	-1.0	-1.0	-1.0	-1.0	-1.0	-1.0	-1.0	-1.0	-1.0	-1.0	-1.0	-1.0	-1.0	-1.0	-1.0	-1.0	-1.0	
1	15	large	2088.0	207.23758988000006	40.311288741492746	35.35533905932738	9.334998463138248	13.031157462672297	34.9857113690718	33.15979570873426	16.1245154965971	10.766214962343295	50.91168824543142	18.027756377319946	47.74779476156341	1.0550641408160606	1.1401754250991378	0.9253524655860068	0.8874137603360468	0.8031088082901554	74.0	3.0	39.66106403010388	
1	16	medium	2055.0	204.55129836000003	50.44799302251776	39.05124837953327	36.05724605159029	34.9706118873692	26.076809620810597	24.270527625789473	14.0	27.81081894325831	38.41106397986879	22.02271554554524	48.52223328646853	1.0744228565143263	1.291840725095936	0.8316991682039877	0.5335581845107816	0.3283775048480931	104.0	3.0	46.32493928760188	
1	17	small	1742.0	171.68124071999995	47.634021455258214	41.23105625617661	27.48209148980277	45.77005819351831	11.045361017187261	21.811642644830272	16.1245154965971	17.466507646881816	27.30951137909109	21.93171219946131	24.375969141378786	0.5063974867479868	1.1552947166645144	0.4383275362065378	0.2626795895284803	0.0976685570258349	51.0	5.0	46.32493928760188	
1	18	no	1358.0	136.71067799999986	44.04543109109048	37.64306044943742	-1.0	-1.0	-1.0	-1.0	-1.0	-1.0	-1.0	-1.0	-1.0	-1.0	1.1700810339332741	-1.0	-1.0	-1.0	72.0	4.0	-1.0	
1	19	no	1348.0	135.29646443999985	44.0	38.0	-1.0	-1.0	-1.0	-1.0	-1.0	-1.0	-1.0	-1.0	-1.0	-1.0	1.1578947368421053	-1.0	-1.0	-1.0	90.0	4.0	-1.0	
1	20	no	1208.0	127.88225087999986	40.049968789001575	36.05551275463989	-1.0	-1.0	-1.0	-1.0	-1.0	-1.0	-1.0	-1.0	-1.0	-1.0	1.1107862773036739	-1.0	-1.0	-1.0	39.0	4.0	-1.0	
1	21	small	1657.0	170.02438647999998	43.68065933568311	37.36308338453881	7.815293546766867	9.605204155012956	18.110770276274835	20.444552674102322	16.1245154965971	5.9065042497936275	38.915417794498154	21.213203435596427	35.39832372180986	0.8858482044078296	1.1690860437326371	0.7577271229579554	0.4313352108204677	0.23288690476190477	71.0	4.0	42.95346318982906	
1	22	medium	1977.0	194.99494920000006	45.35416188179427	37.107950630558946	15.255118703057775	16.011177478808463	29.017236257093817	26.813885211219635	17.029386365926403	12.36931687685298	46.80937563201226	20.0	44.84481967005406	1.0821720175393397	1.2222222222222223	0.8854134688958233	0.6604255869417094	0.4731743666169896	78.0	3.0	42.2965719651132	
2	23	small	1681.0	162.85281359999996	44.28317965096906	42.04759208325728	29.744881296942225	33.62852535897801	11.661903789690601	17.741675425144273	15.264337522473747	18.02038621186808	28.25369875277695	21.633307652783937	32.53915812647936	0.6573169393665519	1.053168028344766	0.624133017406195	0.2569656064336684	0.1051939513477975	99.0	3.0	43.278170016764804	
2	24	medium	1748.0	179.9238814	46.75467891024384	36.124783736376884	27.597295868643727	38.929208538583055	22.02271554554524	21.508568374284682	15.033296378372908	23.398727688841152	35.04519249827827	20.615528128088304	37.23779104609968	1.0239042953632964	1.2942549151695786	0.7911148594936108	0.46636977111874484	0.274981765134938	134.0	3.0	43.46262762420146	
2	25	no	1331.0	133.63961019999988	41.182520563948	38.948684188300895	-1.0	-1.0	-1.0	-1.0	-1.0	-1.0	-1.0	-1.0	-1.0	-1.0	1.0573533207141845	-1.0	-1.0	-1.0	81.0	3.0	-1.0	
2	26	no	1419.0	156.95331867999994	48.82622246293481	36.61966684720111	-1.0	-1.0	-1.0	-1.0	-1.0	-1.0	-1.0	-1.0	-1.0	-1.0	1.3333333333333333	-1.0	-1.0	-1.0	107.0	8.0	-1.0	
2	27	small	1654.0	173.33809495999998	44.40720662234904	37.20215047547655	31.328692867804165	41.63353933657021	18.439088914585774	19.687905311110224	14.317821063276353	22.969244804663294	31.55731550448661	20.615528128088304	34.57329171484832	0.9365693619107502	1.1936731090752943	0.7846112598082106	0.41480181753386114	0.2143906020558003	109.0	3.0	41.617304093369626	
2	28	complex	-1.0	-1.0	-1.0	-1.0	-1.0	-1.0	-1.0	-1.0	-1.0	-1.0	-1.0	-1.0	-1.0	-1.0	-1.0	-1.0	-1.0	-1.0	-1.0	-1.0	-1.0	
2	29	complex	-1.0	-1.0	-1.0	-1.0	-1.0	-1.0	-1.0	-1.0	-1.0	-1.0	-1.0	-1.0	-1.0	-1.0	-1.0	-1.0	-1.0	-1.0	-1.0	-1.0	-1.0	
2	30	small	1738.0	168.50966783999996	46.09772228646444	41.0	51.35863261412189	60.541595213334844	13.45362404707371	17.516588024265864	15.556349186104045	27.76709860078799	18.853658536585368	20.615528128088304	31.890071815285836	0.7680504918215979	1.1243346899137667	0.6831155337566834	0.27792928653621146	0.12056737588652482	122.0	4.0	42.5440947723653	
2	31	no	1171.0	125.63961019999985	41.012193308819754	35.014282800023196	-1.0	-1.0	-1.0	-1.0	-1.0	-1.0	-1.0	-1.0	-1.0	-1.0	1.171298967996928	-1.0	-1.0	-1.0	116.0	3.0	-1.0	
2	32	small	1365.0	140.6101729199999	45.044422518220834	35.014282800023196	8.200146059498763	9.66982072871491	8.06225774829855	-1.0	15.132745950421556	4.262458907589157	28.416975029382606	20.09975124224178	25.376286683169162	-1.0	1.2864585225258702	-1.0	0.18971020013519085	0.05486862442040186	168.0	3.0	43.289721643826724	
2	33	no	204.0	52.870057640000006	17.804493814764857	13.601470508735444	-1.0	-1.0	-1.0	-1.0	-1.0	-1.0	-1.0	-1.0	-1.0	-1.0	1.3090124191593882	-1.0	-1.0	-1.0	72.0	4.0	-1.0	
2	34	complex	-1.0	-1.0	-1.0	-1.0	-1.0	-1.0	-1.0	-1.0	-1.0	-1.0	-1.0	-1.0	-1.0	-1.0	-1.0	-1.0	-1.0	-1.0	-1.0	-1.0	-1.0	
2	35	no	1871.0	159.78174579999992	49.24428900898052	46.14108798023731	-1.0	-1.0	-1.0	-1.0	-1.0	-1.0	-1.0	-1.0	-1.0	-1.0	1.067254613286803	-1.0	-1.0	-1.0	65.0	4.0	-1.0	
2	36	no	1395.0	136.95331867999982	43.41658669218482	39.319206502675	-1.0	-1.0	-1.0	-1.0	-1.0	-1.0	-1.0	-1.0	-1.0	-1.0	1.1042081098262007	-1.0	-1.0	-1.0	85.0	4.0	-1.0	
2	37	no	942.0	112.56854239999991	35.84689665786984	31.38470965295043	-1.0	-1.0	-1.0	-1.0	-1.0	-1.0	-1.0	-1.0	-1.0	-1.0	1.1421771000675778	-1.0	-1.0	-1.0	101.0	3.0	-1.0	
2	38	no	1012.0	117.74011527999987	36.235341863986875	33.301651610693426	-1.0	-1.0	-1.0	-1.0	-1.0	-1.0	-1.0	-1.0	-1.0	-1.0	1.0880944371044774	-1.0	-1.0	-1.0	79.0	5.0	-1.0	
3	39	complex	-1.0	-1.0	-1.0	-1.0	-1.0	-1.0	-1.0	-1.0	-1.0	-1.0	-1.0	-1.0	-1.0	-1.0	-1.0	-1.0	-1.0	-1.0	-1.0	-1.0	-1.0	
3	40	no	1645.0	150.71067799999994	49.64876634922564	40.607881008493905	-1.0	-1.0	-1.0	-1.0	-1.0	-1.0	-1.0	-1.0	-1.0	-1.0	1.2226386877670534	-1.0	-1.0	-1.0	92.0	3.0	-1.0	
3	41	small	1783.0	163.82337631999994	50.00999900019995	42.7551166528639	89.01600893554196	86.59548170051127	7.0710678118654755	-1.0	16.278820596099706	28.3343336998334	0.3274461888074916	21.37755832643195	28.384428015335352	-1.0	1.1696845410629957	-1.0	0.1659259968922178	0.034822983168891465	110.0	4.0	44.01136216933077	
3	42	complex	-1.0	-1.0	-1.0	-1.0	-1.0	-1.0	-1.0	-1.0	-1.0	-1.0	-1.0	-1.0	-1.0	-1.0	-1.0	-1.0	-1.0	-1.0	-1.0	-1.0	-1.0	
3	43	no	1142.0	125.05382375999984	40.049968789001575	34.058772731852805	-1.0	-1.0	-1.0	-1.0	-1.0	-1.0	-1.0	-1.0	-1.0	-1.0	1.1759075731917263	-1.0	-1.0	-1.0	89.0	3.0	-1.0	
3	44	no	1092.0	122.22539663999986	38.948684188300895	33.61547262794322	-1.0	-1.0	-1.0	-1.0	-1.0	-1.0	-1.0	-1.0	-1.0	-1.0	1.158653475421446	-1.0	-1.0	-1.0	92.0	3.0	-1.0	
3	45	no	1302.0	131.88225087999987	40.311288741492746	39.0	-1.0	-1.0	-1.0	-1.0	-1.0	-1.0	-1.0	-1.0	-1.0	-1.0	1.0336227882434037	-1.0	-1.0	-1.0	86.0	3.0	-1.0	
3	46	complex	-1.0	-1.0	-1.0	-1.0	-1.0	-1.0	-1.0	-1.0	-1.0	-1.0	-1.0	-1.0	-1.0	-1.0	-1.0	-1.0	-1.0	-1.0	-1.0	-1.0	-1.0	
3	47	large	2289.0	219.96551192000007	42.7551166528639	34.52535300326414	17.11297316338502	22.49059011727232	38.27531841800928	34.82862213315907	15.811388300841896	20.301663706064478	53.46795439935033	19.235384061671343	53.07184726331	1.0989616032374916	1.2383687039730396	0.8874268218436963	0.9355619576672731	0.8624898291293734	150.0	4.0	41.23105625617661	
3	48	complex	-1.0	-1.0	-1.0	-1.0	-1.0	-1.0	-1.0	-1.0	-1.0	-1.0	-1.0	-1.0	-1.0	-1.0	-1.0	-1.0	-1.0	-1.0	-1.0	-1.0	-1.0	
3	49	no	1208.0	127.88225087999986	40.44749683231337	36.49657518178932	-1.0	-1.0	-1.0	-1.0	-1.0	-1.0	-1.0	-1.0	-1.0	-1.0	1.1082545863781608	-1.0	-1.0	-1.0	100.0	3.0	-1.0	
3	50	small	1590.0	164.8528136	44.384682042344295	38.3275357934736	15.945395900922847	18.434948822922024	14.035668847618199	17.96421567803347	14.035668847618199	10.251284431099824	33.39635521827516	21.0	32.41740774449887	0.7813126439347379	1.1580364122940068	0.6746874585635871	0.33997169357498463	0.15300942712110224	117.0	5.0	44.40720662234904	
3	51	no	1308.0	134.02438647999983	44.01136216933077	36.013886210738214	-1.0	-1.0	-1.0	-1.0	-1.0	-1.0	-1.0	-1.0	-1.0	-1.0	1.2220664526953484	-1.0	-1.0	-1.0	107.0	3.0	-1.0	
3	52	large	2074.0	206.40916276000007	42.638011210655684	34.828149534535996	1.254451622681529	0.3618632697080528	33.421549934136806	32.378621838402076	15.620499351813308	0.2814390178921168	52.94567827014376	19.209372712298546	44.562066578849674	1.0322103918116052	1.2242399260510621	0.8431438722482512	0.8498989547042554	0.744322960470984	57.0	4.0	41.23105625617661	
3	53	large	2253.0	220.89444412000012	45.48626166217664	38.01315561749642	80.55800986333992	84.73177958937596	34.0	29.60908410659717	13.892443989449804	53.708524524261726	8.497058314499201	20.615528128088304	53.93636363636363	1.1482962417072704	1.1965926249290535	0.9596384080800711	0.7252471940436443	0.566759388038943	110.0	4.0	39.395431207184416	
4	54	complex	-1.0	-1.0	-1.0	-1.0	-1.0	-1.0	-1.0	-1.0	-1.0	-1.0	-1.0	-1.0	-1.0	-1.0	-1.0	-1.0	-1.0	-1.0	-1.0	-1.0	-1.0	
4	55	complex	-1.0	-1.0	-1.0	-1.0	-1.0	-1.0	-1.0	-1.0	-1.0	-1.0	-1.0	-1.0	-1.0	-1.0	-1.0	-1.0	-1.0	-1.0	-1.0	-1.0	-1.0	
4	56	no	1466.0	142.12489155999995	46.486557196677836	38.897300677553446	-1.0	-1.0	-1.0	-1.0	-1.0	-1.0	-1.0	-1.0	-1.0	-1.0	1.1951101075634263	-1.0	-1.0	-1.0	62.0	3.0	-1.0	
4	57	complex	-1.0	-1.0	-1.0	-1.0	-1.0	-1.0	-1.0	-1.0	-1.0	-1.0	-1.0	-1.0	-1.0	-1.0	-1.0	-1.0	-1.0	-1.0	-1.0	-1.0	-1.0	
4	58	no	1312.0	137.7817457999999	44.9221548904324	35.4400902933387	-1.0	-1.0	-1.0	-1.0	-1.0	-1.0	-1.0	-1.0	-1.0	-1.0	1.2675519311212349	-1.0	-1.0	-1.0	69.0	5.0	-1.0	
4	59	no	1245.0	129.63961019999988	43.60045871318328	35.0	-1.0	-1.0	-1.0	-1.0	-1.0	-1.0	-1.0	-1.0	-1.0	-1.0	1.2457273918052365	-1.0	-1.0	-1.0	99.0	3.0	-1.0	
4	60	small	1616.0	166.26702715999994	46.04345773288535	36.013886210738214	8.294744945563423	11.546690545927333	16.492422502470642	18.380620778037287	14.317821063276353	6.38527196861712	37.70767731239976	21.37755832643195	31.899817208726084	0.8972723338145998	1.278491786847392	0.7018209604827937	0.3648279452352869	0.1838827838827839	92.0	3.0	44.721359549995796	
4	61	large	2376.0	224.3086576800001	44.94441010848846	37.73592452822641	24.819112762434486	26.220088966218185	36.359317925395686	34.451253489511416	15.264337522473747	24.56367760384716	50.87989824030528	20.248456731316587	55.5965193762283	1.0553844705959734	1.1910244858283547	0.8861148390765081	0.8401331069888571	0.7586972612879349	93.0	4.0	42.80186911806539	
4	62	no	1438.0	139.88225087999987	44.14748010928823	39.05124837953327	-1.0	-1.0	-1.0	-1.0	-1.0	-1.0	-1.0	-1.0	-1.0	-1.0	1.1305011220185701	-1.0	-1.0	-1.0	53.0	3.0	-1.0	
4	63	small	1745.0	168.02438647999998	46.06517122512408	42.05948168962618	59.4702941000659	63.14867678926228	13.601470508735444	16.695053559091562	15.0	29.89243203439956	15.359200210004811	20.248456731316587	33.50487458055224	0.8147006213902526	1.0952386804254388	0.7438566916517111	0.27409341105956997	0.11858974358974358	106.0	3.0	41.617304093369626	
4	64	complex	-1.0	-1.0	-1.0	-1.0	-1.0	-1.0	-1.0	-1.0	-1.0	-1.0	-1.0	-1.0	-1.0	-1.0	-1.0	-1.0	-1.0	-1.0	-1.0	-1.0	-1.0	
4	65	medium	1733.0	180.26702716	41.7612260356422	35.73513677041127	7.263244740584554	6.799321441958483	25.079872407968907	24.706659590839916	16.55294535724685	5.4596098257605625	44.07426813891759	19.697715603592208	46.11460410497502	1.0151057578527274	1.1686320470506926	0.8686273497415858	0.5963264939093132	0.4146938775510204	78.0	4.0	40.85339643163099	
4	66	small	1945.0	194.65180344000004	48.76474136094644	39.824615503479755	9.995851143808554	4.1791122576835384	19.697715603592208	20.73189900060012	13.416407864998739	5.4342541886672855	42.98848785747625	23.08679276123039	74.56992335645621	0.9501163208938084	1.2244874368387944	0.7759298236221044	0.40917193117064665	0.21410736579275905	52.0	3.0	48.46648326421054	
4	67	no	280.0	64.76955256000001	21.213203435596427	15.297058540778355	-1.0	-1.0	-1.0	-1.0	-1.0	-1.0	-1.0	-1.0	-1.0	-1.0	1.3867504905630728	-1.0	-1.0	-1.0	91.0	4.0	-1.0	
5	68	no	1126.0	123.63961019999986	40.496913462633174	33.28663395418648	-1.0	-1.0	-1.0	-1.0	-1.0	-1.0	-1.0	-1.0	-1.0	-1.0	1.2166118544269284	-1.0	-1.0	-1.0	74.0	3.0	-1.0	
5	69	complex	-1.0	-1.0	-1.0	-1.0	-1.0	-1.0	-1.0	-1.0	-1.0	-1.0	-1.0	-1.0	-1.0	-1.0	-1.0	-1.0	-1.0	-1.0	-1.0	-1.0	-1.0	
5	70	small	1766.0	162.26702715999994	48.83646178829912	41.773197148410844	27.512002623851465	29.05460409907714	6.324555320336759	-1.0	17.26267650163207	12.777338430146186	25.183612263683788	22.47220505424423	26.310150132600924	-1.0	1.1690860437326374	-1.0	0.17430994264220534	0.045589105979869746	57.0	4.0	46.84015371452148	
5	71	large	2303.0	212.30865768000007	47.70744176750625	38.27531841800928	34.14247826628582	51.265539306703715	30.14962686336267	32.96115301101732	19.1049731745428	35.08886534218166	36.49871660748052	20.615528128088304	44.98259836833254	0.914701826519391	1.2464283444095132	0.7338583325884848	0.7057124899212482	0.5602981029810298	61.0	4.0	43.56604182158393	
5	72	no	1648.0	150.6101729199999	46.52956049652737	42.941821107167776	-1.0	-1.0	-1.0	-1.0	-1.0	-1.0	-1.0	-1.0	-1.0	-1.0	1.083548841126366	-1.0	-1.0	-1.0	48.0	4.0	-1.0	
5	73	small	1469.0	155.53910512	42.5205832509386	36.87817782917155	10.154266580200272	11.944177188446332	15.0	17.82489556472834	15.0	6.490973991846821	33.51575573298238	19.209372712298546	31.363636363636363	0.8415196569051319	1.1530011989177993	0.7298515020582612	0.357458721122261	0.1752	40.0	3.0	40.45985664828782	
5	74	no	1370.0	136.12489155999987	43.139309220245984	38.897300677553446	-1.0	-1.0	-1.0	-1.0	-1.0	-1.0	-1.0	-1.0	-1.0	-1.0	1.1090566303779656	-1.0	-1.0	-1.0	57.0	3.0	-1.0	
5	75	no	1151.0	124.81118307999988	40.311288741492746	35.35533905932738	-1.0	-1.0	-1.0	-1.0	-1.0	-1.0	-1.0	-1.0	-1.0	-1.0	1.1401754250991378	-1.0	-1.0	-1.0	44.0	3.0	-1.0	
5	76	medium	1756.0	180.50966784000002	41.773197148410844	37.53664875824692	17.82394234364294	17.861416855878076	21.93171219946131	25.035262633828268	15.811388300841896	12.519989747059526	39.29493038922229	18.788294228055936	40.81952128227141	0.8760328389695675	1.1128643214115683	0.7871874604250036	0.5300695113836162	0.34662576687116564	58.0	4.0	41.677331968349414	
5	77	large	2100.0	208.99494920000006	43.41658669218482	36.71511950137164	14.93141717813755	18.563127086745535	32.55764119219941	29.949208102417586	14.212670403551895	15.408857558128192	50.00664644252102	19.79898987322333	48.40235990573649	1.0870952273883752	1.1825260895736107	0.9192991486389569	0.7785022538812166	0.639344262295082	58.0	3.0	43.01162633521314	
5	78	complex	-1.0	-1.0	-1.0	-1.0	-1.0	-1.0	-1.0	-1.0	-1.0	-1.0	-1.0	-1.0	-1.0	-1.0	-1.0	-1.0	-1.0	-1.0	-1.0	-1.0	-1.0	
5	79	complex	-1.0	-1.0	-1.0	-1.0	-1.0	-1.0	-1.0	-1.0	-1.0	-1.0	-1.0	-1.0	-1.0	-1.0	-1.0	-1.0	-1.0	-1.0	-1.0	-1.0	-1.0	
5	80	small	1492.0	159.19595935999996	43.18564576337837	36.124783736376884	17.223436191131473	18.98585280214058	15.231546211727817	19.00143721361658	14.317821063276353	10.74431079582175	33.55037386091095	19.697715603592208	33.025408608606114	0.8015996916703106	1.195457558404463	0.6705379760534358	0.36352398662753393	0.18789808917197454	64.0	4.0	41.677331968349414	
5	81	no	1230.0	128.22539663999987	41.86884283091664	35.4682957019364	-1.0	-1.0	-1.0	-1.0	-1.0	-1.0	-1.0	-1.0	-1.0	-1.0	1.180458265679532	-1.0	-1.0	-1.0	62.0	3.0	-1.0	
5	82	no	964.0	114.22539663999989	35.84689665786984	32.2490309931942	-1.0	-1.0	-1.0	-1.0	-1.0	-1.0	-1.0	-1.0	-1.0	-1.0	1.1115650782014175	-1.0	-1.0	-1.0	32.0	4.0	-1.0	
5	83	no	1675.0	150.12489155999987	49.39635614091387	41.677331968349414	-1.0	-1.0	-1.0	-1.0	-1.0	-1.0	-1.0	-1.0	-1.0	-1.0	1.185209172660727	-1.0	-1.0	-1.0	51.0	3.0	-1.0	
5	84	large	2122.0	208.06601700000007	43.104524124504614	39.11521443121589	11.257076603854387	11.115929447331581	32.2490309931942	30.514478109048586	16.1245154965971	11.066123792997146	50.773082261695926	20.223748416156685	57.39846187967772	1.0568436031560788	1.1019886954807299	0.9590330712921179	0.792147137886362	0.6198473282442748	42.0	4.0	40.607881008493905	
5	85	no	1195.0	127.05382375999984	41.0	35.90264614203248	-1.0	-1.0	-1.0	-1.0	-1.0	-1.0	-1.0	-1.0	-1.0	-1.0	1.1419771076984733	-1.0	-1.0	-1.0	44.0	3.0	-1.0	
5	86	small	1551.0	168.26702715999994	42.5440947723653	36.24913792078372	36.656108415966905	47.181641403551474	17.46424919657298	18.628161175057166	12.649110640673518	25.126871442905248	28.469642567921458	20.396078054371138	34.25556402043397	0.937518686490503	1.1736581119622247	0.7988004998517643	0.4028526722141353	0.2013942680092951	59.0	3.0	41.30375285612676	
6	87	no	1527.0	145.78174579999995	47.92702786528704	39.0	-1.0	-1.0	-1.0	-1.0	-1.0	-1.0	-1.0	-1.0	-1.0	-1.0	1.2288981503919754	-1.0	-1.0	-1.0	63.0	4.0	-1.0	
6	88	small	1476.0	163.43860003999993	41.773197148410844	37.656340767525464	8.181735665062792	11.040940180323732	12.0	15.849973912222975	11.0	5.434106448532528	33.19494073300904	22.02271554554524	28.375000000000004	0.7570990379199298	1.1093270428558402	0.6824849739269511	0.2919198497300824	0.11733535200605602	64.0	4.0	43.289721643826724	
6	89	complex	-1.0	-1.0	-1.0	-1.0	-1.0	-1.0	-1.0	-1.0	-1.0	-1.0	-1.0	-1.0	-1.0	-1.0	-1.0	-1.0	-1.0	-1.0	-1.0	-1.0	-1.0	
6	90	medium	1939.0	189.33809496	46.51881339845203	38.48376280978771	42.9889134355945	50.92669012374324	23.259406699226016	25.203471897229228	16.55294535724685	31.643111516876793	29.934702739281196	19.924858845171276	40.759341263405574	0.9228651827839269	1.2087906691551673	0.7634615374959208	0.5097495779457992	0.326265389876881	80.0	4.0	41.773197148410844	
6	91	complex	-1.0	-1.0	-1.0	-1.0	-1.0	-1.0	-1.0	-1.0	-1.0	-1.0	-1.0	-1.0	-1.0	-1.0	-1.0	-1.0	-1.0	-1.0	-1.0	-1.0	-1.0	
6	92	complex	-1.0	-1.0	-1.0	-1.0	-1.0	-1.0	-1.0	-1.0	-1.0	-1.0	-1.0	-1.0	-1.0	-1.0	-1.0	-1.0	-1.0	-1.0	-1.0	-1.0	-1.0	
6	93	small	1506.0	158.02438647999995	43.60045871318328	38.600518131237564	14.571702453491017	21.351956109549732	11.40175425099138	14.005231387373387	12.36931687685298	9.357699713297622	31.34672948912581	20.615528128088304	25.70119190278719	0.8141068102074194	1.129530400730541	0.7207480291640521	0.25843618551548797	0.09051412020275162	61.0	3.0	43.829214001622255	
6	94	no	1531.0	146.3675322399999	46.22769732530488	40.45985664828782	-1.0	-1.0	-1.0	-1.0	-1.0	-1.0	-1.0	-1.0	-1.0	-1.0	1.1425571209299168	-1.0	-1.0	-1.0	47.0	3.0	-1.0	
6	95	no	1124.0	122.46803731999985	39.81205847478876	34.713109915419565	-1.0	-1.0	-1.0	-1.0	-1.0	-1.0	-1.0	-1.0	-1.0	-1.0	1.1468882670493388	-1.0	-1.0	-1.0	64.0	3.0	-1.0	
6	96	no	953.0	113.98275595999986	36.68787265568828	31.622776601683793	-1.0	-1.0	-1.0	-1.0	-1.0	-1.0	-1.0	-1.0	-1.0	-1.0	1.1601724009818541	-1.0	-1.0	-1.0	77.0	4.0	-1.0	
6	97	no	1376.0	135.2964644399999	43.41658669218482	38.3275357934736	-1.0	-1.0	-1.0	-1.0	-1.0	-1.0	-1.0	-1.0	-1.0	-1.0	1.1327779308884707	-1.0	-1.0	-1.0	42.0	4.0	-1.0	
6	98	complex	-1.0	-1.0	-1.0	-1.0	-1.0	-1.0	-1.0	-1.0	-1.0	-1.0	-1.0	-1.0	-1.0	-1.0	-1.0	-1.0	-1.0	-1.0	-1.0	-1.0	-1.0	
6	99	no	1351.0	136.36753223999986	44.721359549995796	37.48332962798263	-1.0	-1.0	-1.0	-1.0	-1.0	-1.0	-1.0	-1.0	-1.0	-1.0	1.1930999725437872	-1.0	-1.0	-1.0	35.0	4.0	-1.0	
7	100	complex	-1.0	-1.0	-1.0	-1.0	-1.0	-1.0	-1.0	-1.0	-1.0	-1.0	-1.0	-1.0	-1.0	-1.0	-1.0	-1.0	-1.0	-1.0	-1.0	-1.0	-1.0	
7	101	small	1354.0	140.46803731999992	42.95346318982906	37.8549864614954	9.441156424166444	26.56505117707799	6.4031242374328485	-1.0	12.529964086141668	7.193832046426656	26.09959987715105	20.615528128088304	16.085897474526423	-1.0	1.1346844155794278	-1.0	0.1602843004108208	0.037547892720306515	95.0	4.0	42.15447781671598	
7	102	complex	-1.0	-1.0	-1.0	-1.0	-1.0	-1.0	-1.0	-1.0	-1.0	-1.0	-1.0	-1.0	-1.0	-1.0	-1.0	-1.0	-1.0	-1.0	-1.0	-1.0	-1.0	
7	103	medium	1664.0	175.82337632	45.0111097397076	35.014282800023196	0.0	4.167302010948788	21.095023109728988	21.961066907290878	14.035668847618199	1.5773883472454289	41.55447102286602	21.0	21.706473054938556	0.9605645845341707	1.285507117103589	0.7472261893799895	0.48007886481934325	0.28	91.0	3.0	43.289721643826724	
7	104	no	1798.0	159.43860003999987	50.039984012787215	44.01136216933077	-1.0	-1.0	-1.0	-1.0	-1.0	-1.0	-1.0	-1.0	-1.0	-1.0	1.1369787606268973	-1.0	-1.0	-1.0	52.0	3.0	-1.0	
7	105	no	1550.0	145.29646443999994	47.29693436154187	38.8329756778952	-1.0	-1.0	-1.0	-1.0	-1.0	-1.0	-1.0	-1.0	-1.0	-1.0	1.2179580250005047	-1.0	-1.0	-1.0	126.0	3.0	-1.0	
7	106	no	1161.0	126.71067799999983	39.6232255123179	35.510561809129406	-1.0	-1.0	-1.0	-1.0	-1.0	-1.0	-1.0	-1.0	-1.0	-1.0	1.115815224926438	-1.0	-1.0	-1.0	105.0	4.0	-1.0	
7	107	no	1253.0	129.63961019999988	41.23105625617661	37.16180835212409	-1.0	-1.0	-1.0	-1.0	-1.0	-1.0	-1.0	-1.0	-1.0	-1.0	1.1095008043067938	-1.0	-1.0	-1.0	75.0	3.0	-1.0	
7	108	complex	-1.0	-1.0	-1.0	-1.0	-1.0	-1.0	-1.0	-1.0	-1.0	-1.0	-1.0	-1.0	-1.0	-1.0	-1.0	-1.0	-1.0	-1.0	-1.0	-1.0	-1.0	
7	109	complex	-1.0	-1.0	-1.0	-1.0	-1.0	-1.0	-1.0	-1.0	-1.0	-1.0	-1.0	-1.0	-1.0	-1.0	-1.0	-1.0	-1.0	-1.0	-1.0	-1.0	-1.0	
7	110	no	1345.0	136.1248915599999	44.181444068749045	38.118237105091836	-1.0	-1.0	-1.0	-1.0	-1.0	-1.0	-1.0	-1.0	-1.0	-1.0	1.1590631525519128	-1.0	-1.0	-1.0	68.0	4.0	-1.0	
7	111	complex	-1.0	-1.0	-1.0	-1.0	-1.0	-1.0	-1.0	-1.0	-1.0	-1.0	-1.0	-1.0	-1.0	-1.0	-1.0	-1.0	-1.0	-1.0	-1.0	-1.0	-1.0	
7	112	small	1623.0	161.33809495999998	46.010868281309364	40.01249804748511	15.255118703057775	23.04677375312016	10.770329614269007	-1.0	13.0	10.193243846922103	31.24023895025384	22.80350850198276	26.037549428310133	-1.0	1.1499124155334077	-1.0	0.24361545223539266	0.07270323859881031	90.0	3.0	45.89117562233506	
7	113	no	1371.0	140.71067799999992	44.9221548904324	36.68787265568828	-1.0	-1.0	-1.0	-1.0	-1.0	-1.0	-1.0	-1.0	-1.0	-1.0	1.2244415290039292	-1.0	-1.0	-1.0	89.0	6.0	-1.0	
7	114	no	1306.0	134.12489155999987	43.04648650006177	37.05401462729781	-1.0	-1.0	-1.0	-1.0	-1.0	-1.0	-1.0	-1.0	-1.0	-1.0	1.1617226077400338	-1.0	-1.0	-1.0	90.0	3.0	-1.0	
8	115	no	1065.0	122.22539663999986	39.56008088970496	33.24154027718932	-1.0	-1.0	-1.0	-1.0	-1.0	-1.0	-1.0	-1.0	-1.0	-1.0	1.1900796581574618	-1.0	-1.0	-1.0	82.0	4.0	-1.0	
8	116	no	1314.0	133.39696951999989	45.31004303683677	35.4682957019364	-1.0	-1.0	-1.0	-1.0	-1.0	-1.0	-1.0	-1.0	-1.0	-1.0	1.2774801309205015	-1.0	-1.0	-1.0	115.0	3.0	-1.0	
8	117	no	1220.0	128.12489155999984	42.190046219457976	34.23448553724738	-1.0	-1.0	-1.0	-1.0	-1.0	-1.0	-1.0	-1.0	-1.0	-1.0	1.232384408801905	-1.0	-1.0	-1.0	89.0	4.0	-1.0	
8	118	medium	1775.0	186.9949492	46.010868281309364	36.124783736376884	11.834729796233095	9.333587150138626	23.853720883753127	22.697429522959276	14.422205101855956	8.2371842600927	44.01410432248219	21.095023109728988	50.78966412889011	1.0509437141163593	1.2736648783028535	0.8251336218964693	0.5424723325925842	0.33861236802413275	120.0	4.0	44.40720662234904	
8	119	no	1296.0	135.29646443999988	44.384682042344295	35.4682957019364	-1.0	-1.0	-1.0	-1.0	-1.0	-1.0	-1.0	-1.0	-1.0	-1.0	1.2513903237792479	-1.0	-1.0	-1.0	97.0	3.0	-1.0	
8	120	no	1015.0	117.98275595999988	39.66106403010388	31.064449134018133	-1.0	-1.0	-1.0	-1.0	-1.0	-1.0	-1.0	-1.0	-1.0	-1.0	1.27673482504062	-1.0	-1.0	-1.0	90.0	3.0	-1.0	
8	121	small	1515.0	164.50966783999996	41.97618372363071	36.138621999185304	29.744881296942225	44.386140136890674	18.867962264113206	19.839911298905225	14.7648230602334	23.298926039563472	28.33533608511926	18.973665961010276	33.308424357947146	0.9510104143033316	1.1615324935349502	0.8187548945867831	0.4528777627913159	0.24896949711459193	106.0	3.0	38.47076812334269	
8	122	small	1385.0	157.7817457999999	43.60045871318328	37.20215047547655	12.059180689461854	4.578850353102155	10.63014581273465	-1.0	10.770329614269007	2.9586844681749835	31.234753506144326	21.02379604162864	37.0618597254802	-1.0	1.1719875909303807	-1.0	0.21955438049575382	0.04370761115297664	78.0	5.0	42.95346318982906	
8	123	no	1691.0	151.7817457999999	49.25444142409901	42.2965719651132	-1.0	-1.0	-1.0	-1.0	-1.0	-1.0	-1.0	-1.0	-1.0	-1.0	1.1645019710988576	-1.0	-1.0	-1.0	53.0	3.0	-1.0	
8	124	complex	-1.0	-1.0	-1.0	-1.0	-1.0	-1.0	-1.0	-1.0	-1.0	-1.0	-1.0	-1.0	-1.0	-1.0	-1.0	-1.0	-1.0	-1.0	-1.0	-1.0	-1.0	
8	125	no	937.0	112.56854239999988	35.510561809129406	32.449961479175904	-1.0	-1.0	-1.0	-1.0	-1.0	-1.0	-1.0	-1.0	-1.0	-1.0	1.0943175335329005	-1.0	-1.0	-1.0	95.0	3.0	-1.0	
8	126	large	2295.0	214.5512983600001	45.31004303683677	37.69615364994153	53.62143096366739	57.34411778369943	32.55764119219941	32.554701572813045	18.24828759089466	42.683693732704484	28.96847275562009	18.681541692269406	50.69764739590471	1.0000902978446844	1.2019805377917396	0.8320353503244197	0.7524195288583428	0.6219081272084805	71.0	3.0	40.8166632639171	
8	127	no	1087.0	120.81118307999985	38.62641583165593	34.17601498127012	-1.0	-1.0	-1.0	-1.0	-1.0	-1.0	-1.0	-1.0	-1.0	-1.0	1.1302200052529476	-1.0	-1.0	-1.0	98.0	3.0	-1.0	
8	128	no	1065.0	120.22539663999986	37.48332962798263	33.37663853655727	-1.0	-1.0	-1.0	-1.0	-1.0	-1.0	-1.0	-1.0	-1.0	-1.0	1.1230408834289083	-1.0	-1.0	-1.0	107.0	3.0	-1.0	
8	129	no	1397.0	138.36753223999986	42.95346318982906	39.395431207184416	-1.0	-1.0	-1.0	-1.0	-1.0	-1.0	-1.0	-1.0	-1.0	-1.0	1.0903158532250252	-1.0	-1.0	-1.0	53.0	3.0	-1.0	
8	130	complex	-1.0	-1.0	-1.0	-1.0	-1.0	-1.0	-1.0	-1.0	-1.0	-1.0	-1.0	-1.0	-1.0	-1.0	-1.0	-1.0	-1.0	-1.0	-1.0	-1.0	-1.0	
8	131	large	2436.0	228.55129836000017	45.18849411078001	37.16180835212409	13.630513824357884	20.136303428248127	36.76955262170047	35.59139786563593	15.556349186104045	17.969175914766588	54.625974623325064	20.615528128088304	52.1973369384979	1.0331022333124507	1.2159928731831247	0.8495956317639279	0.846775526569484	0.7833089311859444	93.0	4.0	44.10215414239989	
8	132	small	1756.0	162.8528136	49.20365840057018	42.20189569201838	10.304846468766016	19.133643205905486	9.486832980505138	-1.0	14.866068747318506	7.682355586706124	31.46778072936576	22.360679774997898	23.438057951836218	-1.0	1.1659110946022273	-1.0	0.20144987511581366	0.06295399515738499	97.0	3.0	47.41307836451879	
8	133	complex	-1.0	-1.0	-1.0	-1.0	-1.0	-1.0	-1.0	-1.0	-1.0	-1.0	-1.0	-1.0	-1.0	-1.0	-1.0	-1.0	-1.0	-1.0	-1.0	-1.0	-1.0	
9	134	complex	-1.0	-1.0	-1.0	-1.0	-1.0	-1.0	-1.0	-1.0	-1.0	-1.0	-1.0	-1.0	-1.0	-1.0	-1.0	-1.0	-1.0	-1.0	-1.0	-1.0	-1.0	
9	135	large	2344.0	218.55129836000012	44.28317965096906	41.30375285612676	43.89118787224007	47.35874086729444	32.202484376209235	32.03508601890691	18.867962264113206	37.62150805635617	37.28474759580025	19.849433241279208	51.14331646402725	1.005225469262156	1.0721345298869216	0.9375926632716303	0.7283937698253249	0.5657982631930528	85.0	4.0	42.638011210655684	
9	136	no	1159.0	125.63961019999986	39.56008088970496	36.40054944640259	-1.0	-1.0	-1.0	-1.0	-1.0	-1.0	-1.0	-1.0	-1.0	-1.0	1.0867990041731257	-1.0	-1.0	-1.0	83.0	4.0	-1.0	
9	137	small	1645.0	160.6101729199999	48.093658625644196	40.049968789001575	61.920399110928926	75.14138555207533	9.486832980505138	-1.0	13.92838827718412	26.261258471331004	11.685402364870782	19.72308292331602	27.169773365936482	-1.0	1.2008413509388691	-1.0	0.2118539515753172	0.06818181818181818	86.0	6.0	41.048751503547585	
9	138	complex	-1.0	-1.0	-1.0	-1.0	-1.0	-1.0	-1.0	-1.0	-1.0	-1.0	-1.0	-1.0	-1.0	-1.0	-1.0	-1.0	-1.0	-1.0	-1.0	-1.0	-1.0	
9	139	small	1301.0	135.2964644399999	42.15447781671598	36.76955262170047	83.72892255049887	85.74115387782965	4.47213595499958	-1.0	13.416407864998739	21.563545489811386	2.0125346849155585	17.0	21.62325310156712	-1.0	1.1464506585222216	-1.0	0.1416298158618934	0.024409448818897637	134.0	6.0	36.24913792078372	
9	140	no	1555.0	144.36753223999995	47.265209192385896	41.30375285612676	-1.0	-1.0	-1.0	-1.0	-1.0	-1.0	-1.0	-1.0	-1.0	-1.0	1.1443320745459777	-1.0	-1.0	-1.0	141.0	4.0	-1.0	
9	141	no	1386.0	138.12489155999987	45.18849411078001	37.16180835212409	-1.0	-1.0	-1.0	-1.0	-1.0	-1.0	-1.0	-1.0	-1.0	-1.0	1.2159928731831247	-1.0	-1.0	-1.0	110.0	3.0	-1.0	
9	142	no	1270.0	131.63961019999985	41.400483088968905	37.8021163428716	-1.0	-1.0	-1.0	-1.0	-1.0	-1.0	-1.0	-1.0	-1.0	-1.0	1.0951895579988038	-1.0	-1.0	-1.0	86.0	4.0	-1.0	
9	143	small	1494.0	150.71067799999992	44.654227123532216	37.44329045369811	36.63677867199885	44.644130169378116	10.198039027185569	-1.0	16.278820596099706	18.85599761184259	23.021481006482002	19.924858845171276	26.83359019028203	-1.0	1.1925828788672046	-1.0	0.23598148128418797	0.08654545454545455	135.0	4.0	41.340053217188775	
9	144	medium	1749.0	181.82337631999994	44.598206241955516	37.53664875824692	27.38742215707618	28.881191252342635	21.587033144922902	21.607899694161574	14.317821063276353	19.84384742289122	36.87063298893807	20.615528128088304	41.08499856614359	0.9990343092325484	1.1881243456012347	0.8408499606385897	0.4944060683869388	0.28319882611885544	82.0	4.0	42.5440947723653	
9	145	small	1593.0	167.19595935999996	44.654227123532216	36.89173349139343	19.653824058053317	20.80541744141445	17.46424919657298	19.566480499880488	14.317821063276353	13.391789277769439	35.69905437778483	20.615528128088304	37.702602958666596	0.892559558510262	1.2104128187402665	0.737400946760619	0.38492123896841746	0.208649468892261	126.0	3.0	42.5440947723653	
10	146	complex	-1.0	-1.0	-1.0	-1.0	-1.0	-1.0	-1.0	-1.0	-1.0	-1.0	-1.0	-1.0	-1.0	-1.0	-1.0	-1.0	-1.0	-1.0	-1.0	-1.0	-1.0	
10	147	complex	-1.0	-1.0	-1.0	-1.0	-1.0	-1.0	-1.0	-1.0	-1.0	-1.0	-1.0	-1.0	-1.0	-1.0	-1.0	-1.0	-1.0	-1.0	-1.0	-1.0	-1.0	
10	148	no	1364.0	137.0538237599999	43.840620433565945	38.18376618407357	-1.0	-1.0	-1.0	-1.0	-1.0	-1.0	-1.0	-1.0	-1.0	-1.0	1.1481481481481481	-1.0	-1.0	-1.0	62.0	3.0	-1.0	
10	149	large	2405.0	225.13708480000008	42.2965719651132	37.21558813185679	28.73979529168804	35.0888949634455	38.948684188300895	35.322956078259566	17.029386365926403	32.91046851617528	48.87736809519675	20.0	57.25086419230713	1.1026450929533862	1.1365283766376126	0.9701870323867591	0.9305280133140673	0.8628969790859798	119.0	3.0	40.8166632639171	
10	150	no	1111.0	123.29646443999985	38.47076812334269	34.52535300326414	-1.0	-1.0	-1.0	-1.0	-1.0	-1.0	-1.0	-1.0	-1.0	-1.0	1.1142758806754427	-1.0	-1.0	-1.0	85.0	5.0	-1.0	
10	151	no	871.0	108.5685423999999	36.124783736376884	30.066592756745816	-1.0	-1.0	-1.0	-1.0	-1.0	-1.0	-1.0	-1.0	-1.0	-1.0	1.2014924347645557	-1.0	-1.0	-1.0	86.0	3.0	-1.0	
10	152	large	2218.0	212.06601700000013	48.79549159502341	37.48332962798263	42.13759477388825	51.76432788233345	30.265491900843113	29.908476268410706	16.1245154965971	37.339515197871755	33.588264769843505	20.024984394500787	47.537695037358745	1.0119369381852958	1.3017918119684824	0.7773416063011739	0.6764330304111081	0.5078178110129163	101.0	3.0	43.657759905886145	
10	153	medium	2102.0	195.58073564000009	47.43416490252569	43.32435804486894	18.910139890131234	22.750976342787652	21.2602916254693	24.140430110925845	17.69180601295413	15.49516053482506	41.06235107182837	22.20360331117452	40.06747267876904	0.8806923293320691	1.0948613445905055	0.8043870885417561	0.46233653333505975	0.25717703349282295	74.0	3.0	46.87216658103186	
10	154	complex	-1.0	-1.0	-1.0	-1.0	-1.0	-1.0	-1.0	-1.0	-1.0	-1.0	-1.0	-1.0	-1.0	-1.0	-1.0	-1.0	-1.0	-1.0	-1.0	-1.0	-1.0	
10	155	no	1274.0	131.29646443999985	40.80441152620633	37.64306044943742	-1.0	-1.0	-1.0	-1.0	-1.0	-1.0	-1.0	-1.0	-1.0	-1.0	1.0839823074697996	-1.0	-1.0	-1.0	85.0	4.0	-1.0	
10	156	no	1245.0	130.95331867999985	42.01190307520001	36.013886210738214	-1.0	-1.0	-1.0	-1.0	-1.0	-1.0	-1.0	-1.0	-1.0	-1.0	1.1665473375842836	-1.0	-1.0	-1.0	79.0	3.0	-1.0	
10	157	medium	1610.0	167.19595936	42.485291572496	37.57658845611187	9.162347045721706	7.94347181059041	19.4164878389476	21.284204108094766	15.811388300841896	4.919349550499538	38.32173326968916	19.4164878389476	35.59689437140394	0.9122487146025422	1.1306319524487254	0.8068485174391116	0.446574521558737	0.25585023400936036	121.0	3.0	40.8166632639171	
10	158	medium	1979.0	196.16652208	44.27188724235731	37.94733192202055	48.90049374238188	58.799485396019364	26.248809496813376	26.544129421656184	15.620499351813308	37.31487638998688	26.563132345414385	19.72308292331602	43.62478198061942	0.9888743789577115	1.1666666666666665	0.8476066105351814	0.6035533905567068	0.4125624553890079	120.0	3.0	41.10960958218893	
10	159	large	1887.0	194.65180344000007	42.720018726587654	35.510561809129406	25.718972477338877	32.57405713457251	29.0	28.156029614161376	16.0	24.274333928477482	42.04382932674878	20.09975124224178	45.08695652173913	1.0299747655263916	1.2030228909418372	0.856155583806084	0.7257391441418202	0.5378973105134475	107.0	3.0	40.85339643163099	
11	160	no	1381.0	138.95331867999985	43.41658669218482	38.3275357934736	-1.0	-1.0	-1.0	-1.0	-1.0	-1.0	-1.0	-1.0	-1.0	-1.0	1.1327779308884707	-1.0	-1.0	-1.0	44.0	4.0	-1.0	
11	161	complex	-1.0	-1.0	-1.0	-1.0	-1.0	-1.0	-1.0	-1.0	-1.0	-1.0	-1.0	-1.0	-1.0	-1.0	-1.0	-1.0	-1.0	-1.0	-1.0	-1.0	-1.0	
11	162	no	1208.0	126.46803731999984	41.23105625617661	36.40054944640259	-1.0	-1.0	-1.0	-1.0	-1.0	-1.0	-1.0	-1.0	-1.0	-1.0	1.1327042279097084	-1.0	-1.0	-1.0	84.0	4.0	-1.0	
11	163	small	1802.0	171.33809495999998	48.08326112068523	41.7612260356422	6.622666595381009	3.9328962722305363	13.341664064126334	15.77332513076368	14.317821063276353	3.4939393893923527	35.535355181704716	22.360679774997898	50.94089915393694	0.8458371303147281	1.1513852845136137	0.7346256215807377	0.25797307226520777	0.10552147239263804	86.0	5.0	47.80167361086848	
11	164	complex	-1.0	-1.0	-1.0	-1.0	-1.0	-1.0	-1.0	-1.0	-1.0	-1.0	-1.0	-1.0	-1.0	-1.0	-1.0	-1.0	-1.0	-1.0	-1.0	-1.0	-1.0	
11	165	medium	1771.0	186.9949492	41.48493702538308	36.40054944640259	28.587902273621594	35.93229646840965	25.632011235952593	27.1537626720884	14.560219778561036	24.41850157275599	37.63679452194079	19.4164878389476	41.61094131733971	0.9439579901130966	1.1396788690364938	0.8282666422613737	0.6277395808839958	0.4247787610619469	110.0	4.0	40.11234224026316	
11	166	large	2017.0	202.55129836000006	43.41658669218482	37.33630940518894	72.92897870868089	75.77712598850795	29.154759474226502	28.164283808524466	16.15549442140351	46.27263801835507	13.498923916940619	18.788294228055936	47.735869424385534	1.035167791676714	1.1628515882759116	0.8901976848236441	0.7012729340036528	0.5097305389221557	99.0	3.0	38.48376280978771	
11	167	large	2399.0	223.03657972000013	43.01162633521314	39.01281840626232	17.525568373722876	22.833654177917538	35.4682957019364	37.1077196302463	16.15549442140351	20.715329224148594	51.98291440729302	19.924858845171276	53.38218153788063	0.9558198686244892	1.1024998472888832	0.8669569170235358	0.8653199497178239	0.7744082840236687	113.0	4.0	42.20189569201838	
11	168	medium	2534.0	229.27922040000016	51.86520991955976	40.496913462633174	26.81634684428694	42.86951854535318	30.805843601498726	33.38628337627376	17.46424919657298	31.524021642557695	42.818078014759706	23.706539182259394	46.336296493514645	0.9227095826842217	1.2807200718498264	0.7204615614023233	0.6636291873400558	0.4844756883421207	97.0	4.0	48.82622246293481	
11	169	small	1937.0	172.61017291999997	49.040799340956916	46.010868281309364	54.51096037929061	62.592424562181606	8.06225774829855	-1.0	15.264337522473747	25.733675163529156	17.952280208012063	22.80350850198276	28.9873768614039	-1.0	1.0658525077406196	-1.0	0.18576246810519748	0.0555858310626703	72.0	4.0	47.4236228055175	
11	170	medium	1974.0	196.89444412000006	44.94441010848846	40.496913462633174	4.517103713517606	0.5161642297648328	24.698178070456937	28.338715152506953	15.811388300841896	1.9134748858069346	46.077585683703354	21.470910553583888	212.4043314059312	0.8715348574394362	1.1098231017027762	0.7852916884702257	0.531567978824958	0.3456032719836401	79.0	4.0	44.41846462902562	
11	171	complex	-1.0	-1.0	-1.0	-1.0	-1.0	-1.0	-1.0	-1.0	-1.0	-1.0	-1.0	-1.0	-1.0	-1.0	-1.0	-1.0	-1.0	-1.0	-1.0	-1.0	-1.0	
11	172	small	1692.0	176.75230851999999	46.14108798023731	36.71511950137164	1.0522531419130416	2.001630807666942	19.235384061671343	20.12679626152245	13.892443989449804	1.9071938667265775	40.691682889502395	21.470910553583888	54.60367088474427	0.9557101791925389	1.2567326106214505	0.7604721729309969	0.42154801923856783	0.2314410480349345	95.0	4.0	45.18849411078001	
11	173	no	1768.0	160.8528136	53.85164807134504	41.340053217188775	-1.0	-1.0	-1.0	-1.0	-1.0	-1.0	-1.0	-1.0	-1.0	-1.0	1.3026506712128292	-1.0	-1.0	-1.0	67.0	4.0	-1.0	
12	174	complex	-1.0	-1.0	-1.0	-1.0	-1.0	-1.0	-1.0	-1.0	-1.0	-1.0	-1.0	-1.0	-1.0	-1.0	-1.0	-1.0	-1.0	-1.0	-1.0	-1.0	-1.0	
12	175	small	1464.0	152.36753223999995	43.41658669218482	37.589892258425	11.059296367066395	12.227181601259986	10.44030650891055	15.971745748625361	13.341664064126334	6.195788764030619	30.885962428896978	20.8806130178211	29.254608863509773	0.6536734727203578	1.155006946912807	0.5659476546591754	0.24549080660282083	0.09335324869305452	108.0	3.0	43.657759905886145	
12	176	no	1019.0	117.88225087999986	36.87817782917155	33.95585369269929	-1.0	-1.0	-1.0	-1.0	-1.0	-1.0	-1.0	-1.0	-1.0	-1.0	1.0860624551784004	-1.0	-1.0	-1.0	99.0	3.0	-1.0	
12	177	large	2289.0	218.79393904000008	43.93176527297759	38.8329756778952	2.2535322576144647	2.093909789205652	35.510561809129406	31.531479264036847	16.278820596099706	2.0713941139072336	55.674332503719775	20.223748416156685	56.69230043211884	1.126193969898231	1.1313005121568567	0.9954861310467457	0.8077262903510136	0.665938864628821	87.0	3.0	42.95346318982906	
12	178	small	1664.0	170.26702716	49.20365840057018	37.013511046643494	4.594253331266387	2.8734384975935257	15.811388300841896	18.692278134017364	14.422205101855956	2.560785195568708	38.040163177864265	22.47220505424423	51.082946818104574	0.8458780779677868	1.3293431779158957	0.6363127986965179	0.3415352367317697	0.16690042075736325	119.0	3.0	47.43416490252569	
12	179	small	2130.0	190.99494920000006	51.478150704935004	46.61544808322666	20.986043911922962	20.261423420788475	15.033296378372908	16.76701324849555	14.035668847618199	12.918101969351612	38.24912284049385	25.079872407968907	37.30276899857457	0.8965995407513497	1.1043152607484654	0.8119054156180605	0.2817731496039447	0.10362694300518134	93.0	5.0	50.21951811795888	
12	180	small	1550.0	154.02438647999992	45.17742799230607	39.11521443121589	2.243429734204028	5.079607860014562	11.0	15.01274040080381	14.0	1.88147054353063	32.44261902824377	21.02379604162864	21.250000000000032	0.7327109978809091	1.154983518542397	0.6343908688892801	0.24390690051555472	0.09386026817219478	118.0	3.0	44.181444068749045	
12	181	small	1560.0	149.78174579999992	47.67598976424087	38.63935817272331	39.62329457194926	46.65003939557789	7.211102550927978	-1.0	15.264337522473747	17.933555322668695	20.03138863073533	19.849433241279208	24.66197072417368	-1.0	1.233871161915334	-1.0	0.1745424204265382	0.044876088412592094	133.0	3.0	42.720018726587654	
12	182	complex	-1.0	-1.0	-1.0	-1.0	-1.0	-1.0	-1.0	-1.0	-1.0	-1.0	-1.0	-1.0	-1.0	-1.0	-1.0	-1.0	-1.0	-1.0	-1.0	-1.0	-1.0	
12	183	complex	-1.0	-1.0	-1.0	-1.0	-1.0	-1.0	-1.0	-1.0	-1.0	-1.0	-1.0	-1.0	-1.0	-1.0	-1.0	-1.0	-1.0	-1.0	-1.0	-1.0	-1.0	
12	184	small	1445.0	151.88225087999996	42.05948168962618	37.589892258425	19.362555795601423	16.606980578616998	12.727922061357855	16.57895659393627	14.866068747318506	10.009633573393229	30.087875544429355	19.1049731745428	35.022582927004315	0.7677155066569796	1.1189040234665586	0.6861316882912476	0.2794596987770242	0.12015503875968993	117.0	4.0	41.10960958218893	
12	185	small	1617.0	170.85281359999993	45.880278987817846	38.27531841800928	26.864503744094606	21.863806172289742	14.866068747318506	15.143994545458543	10.63014581273465	15.475058470950438	32.814880500354704	21.93171219946131	41.554759096835205	0.9816477880188234	1.198690981137084	0.818933155806034	0.31787059614783786	0.12058212058212059	140.0	3.0	44.204072210600685	
12	186	no	1437.0	142.95331867999994	47.4236228055175	37.57658845611187	-1.0	-1.0	-1.0	-1.0	-1.0	-1.0	-1.0	-1.0	-1.0	-1.0	1.2620523776634651	-1.0	-1.0	-1.0	88.0	4.0	-1.0	
12	187	no	1331.0	134.4680373199999	43.60045871318328	37.20215047547655	-1.0	-1.0	-1.0	-1.0	-1.0	-1.0	-1.0	-1.0	-1.0	-1.0	1.1719875909303807	-1.0	-1.0	-1.0	91.0	4.0	-1.0	
12	188	complex	-1.0	-1.0	-1.0	-1.0	-1.0	-1.0	-1.0	-1.0	-1.0	-1.0	-1.0	-1.0	-1.0	-1.0	-1.0	-1.0	-1.0	-1.0	-1.0	-1.0	-1.0	
12	189	large	2311.0	224.69343396000014	44.10215414239989	35.05709628591621	10.78993555125129	11.623617254372377	37.36308338453881	33.345103266395164	15.524174696260024	10.5890519200518	57.734388024975104	21.587033144922902	52.55590343548076	1.1204968563463087	1.2580093280605624	0.8906904196598822	0.8762800956986428	0.7900852052672347	109.0	3.0	44.14748010928823	
12	190	complex	-1.0	-1.0	-1.0	-1.0	-1.0	-1.0	-1.0	-1.0	-1.0	-1.0	-1.0	-1.0	-1.0	-1.0	-1.0	-1.0	-1.0	-1.0	-1.0	-1.0	-1.0	
12	191	no	1348.0	135.78174579999987	44.553338819890925	37.48332962798263	-1.0	-1.0	-1.0	-1.0	-1.0	-1.0	-1.0	-1.0	-1.0	-1.0	1.188617427055634	-1.0	-1.0	-1.0	103.0	3.0	-1.0	
12	192	no	1360.0	135.8822508799999	43.278170016764804	38.28837943815329	-1.0	-1.0	-1.0	-1.0	-1.0	-1.0	-1.0	-1.0	-1.0	-1.0	1.1303212789841746	-1.0	-1.0	-1.0	72.0	3.0	-1.0	
12	193	no	1581.0	148.95331867999994	48.54894437575342	40.496913462633174	-1.0	-1.0	-1.0	-1.0	-1.0	-1.0	-1.0	-1.0	-1.0	-1.0	1.1988307311506572	-1.0	-1.0	-1.0	83.0	4.0	-1.0	
12	194	complex	-1.0	-1.0	-1.0	-1.0	-1.0	-1.0	-1.0	-1.0	-1.0	-1.0	-1.0	-1.0	-1.0	-1.0	-1.0	-1.0	-1.0	-1.0	-1.0	-1.0	-1.0	
13	195	small	1667.0	160.12489155999998	47.75981574503821	41.43669871020132	23.973381708194665	40.681992872647584	8.06225774829855	-1.0	13.038404810405298	13.86102499921758	26.425850371386403	21.93171219946131	21.263803304277452	-1.0	1.1525970270715655	-1.0	0.1677616642699641	0.04122423485321674	97.0	4.0	46.400431032480725	
13	196	complex	-1.0	-1.0	-1.0	-1.0	-1.0	-1.0	-1.0	-1.0	-1.0	-1.0	-1.0	-1.0	-1.0	-1.0	-1.0	-1.0	-1.0	-1.0	-1.0	-1.0	-1.0	
13	197	no	1355.0	136.12489155999987	43.73785545725808	37.656340767525464	-1.0	-1.0	-1.0	-1.0	-1.0	-1.0	-1.0	-1.0	-1.0	-1.0	1.1615004157540785	-1.0	-1.0	-1.0	55.0	3.0	-1.0	
13	198	complex	-1.0	-1.0	-1.0	-1.0	-1.0	-1.0	-1.0	-1.0	-1.0	-1.0	-1.0	-1.0	-1.0	-1.0	-1.0	-1.0	-1.0	-1.0	-1.0	-1.0	-1.0	
13	199	medium	1672.0	180.75230852000004	42.190046219457976	36.359317925395686	17.656051165136375	9.994100010164118	22.67156809750927	22.057699476687787	13.45362404707371	9.95495472593952	41.41991890744773	19.849433241279208	57.36179880092715	1.0278301289520362	1.1603640724511428	0.8857824482456242	0.5395528723048088	0.33015115354017505	83.0	4.0	40.80441152620633	
13	200	medium	1737.0	177.09545428	47.50789408087881	36.124783736376884	39.83569505348168	52.130298526402555	20.024984394500787	21.923383301664277	15.033296378372908	28.62682142223978	27.737190271149153	20.223748416156685	36.263620208416874	0.9134075757814545	1.315105286929078	0.6945509115200701	0.4459029062262211	0.25415162454873647	57.0	3.0	42.04759208325728	
13	201	no	956.0	114.5685423999999	38.62641583165593	29.732137494637012	-1.0	-1.0	-1.0	-1.0	-1.0	-1.0	-1.0	-1.0	-1.0	-1.0	1.2991469529771698	-1.0	-1.0	-1.0	74.0	3.0	-1.0	
13	202	no	1777.0	159.19595935999993	51.088159097779204	43.278170016764804	-1.0	-1.0	-1.0	-1.0	-1.0	-1.0	-1.0	-1.0	-1.0	-1.0	1.180460243073795	-1.0	-1.0	-1.0	58.0	4.0	-1.0	
13	203	no	1352.0	142.61017291999988	43.93176527297759	37.8549864614954	-1.0	-1.0	-1.0	-1.0	-1.0	-1.0	-1.0	-1.0	-1.0	-1.0	1.1605278294753387	-1.0	-1.0	-1.0	105.0	4.0	-1.0	
13	204	no	1333.0	133.29646443999985	41.773197148410844	38.63935817272331	-1.0	-1.0	-1.0	-1.0	-1.0	-1.0	-1.0	-1.0	-1.0	-1.0	1.0811048403464374	-1.0	-1.0	-1.0	59.0	3.0	-1.0	
13	205	complex	-1.0	-1.0	-1.0	-1.0	-1.0	-1.0	-1.0	-1.0	-1.0	-1.0	-1.0	-1.0	-1.0	-1.0	-1.0	-1.0	-1.0	-1.0	-1.0	-1.0	-1.0	
13	206	no	1212.0	126.81118307999986	39.11521443121589	38.58756276314948	-1.0	-1.0	-1.0	-1.0	-1.0	-1.0	-1.0	-1.0	-1.0	-1.0	1.0136741382529169	-1.0	-1.0	-1.0	72.0	3.0	-1.0	
13	207	no	1371.0	135.6396101999999	43.278170016764804	37.53664875824692	-1.0	-1.0	-1.0	-1.0	-1.0	-1.0	-1.0	-1.0	-1.0	-1.0	1.1529577479197968	-1.0	-1.0	-1.0	66.0	3.0	-1.0	
13	208	no	1043.0	119.15432883999989	38.01315561749642	33.54101966249684	-1.0	-1.0	-1.0	-1.0	-1.0	-1.0	-1.0	-1.0	-1.0	-1.0	1.1333333333333333	-1.0	-1.0	-1.0	53.0	3.0	-1.0	
13	209	no	1179.0	126.46803731999984	41.10960958218893	34.132096331752024	-1.0	-1.0	-1.0	-1.0	-1.0	-1.0	-1.0	-1.0	-1.0	-1.0	1.2044267419914065	-1.0	-1.0	-1.0	86.0	4.0	-1.0	
13	210	no	1790.0	157.19595935999996	50.695167422546305	43.08131845707603	-1.0	-1.0	-1.0	-1.0	-1.0	-1.0	-1.0	-1.0	-1.0	-1.0	1.1767320323089998	-1.0	-1.0	-1.0	51.0	4.0	-1.0	
13	211	no	1463.0	149.43860003999995	47.38143096192854	37.48332962798263	-1.0	-1.0	-1.0	-1.0	-1.0	-1.0	-1.0	-1.0	-1.0	-1.0	1.2640667580010456	-1.0	-1.0	-1.0	69.0	5.0	-1.0	
13	212	complex	-1.0	-1.0	-1.0	-1.0	-1.0	-1.0	-1.0	-1.0	-1.0	-1.0	-1.0	-1.0	-1.0	-1.0	-1.0	-1.0	-1.0	-1.0	-1.0	-1.0	-1.0	
13	213	no	1323.0	135.63961019999988	43.41658669218482	37.12142238654117	-1.0	-1.0	-1.0	-1.0	-1.0	-1.0	-1.0	-1.0	-1.0	-1.0	1.1695830574618833	-1.0	-1.0	-1.0	44.0	4.0	-1.0	
14	214	small	1957.0	184.9949492	49.01020301937138	43.01162633521314	10.304846468766016	19.604088150829398	15.811388300841896	20.0190467682617	14.317821063276353	9.263377256783768	37.29224250901722	22.360679774997898	27.609116494547045	0.7898172417434657	1.1394640750714249	0.6931479973986522	0.3494863771622742	0.1504997060552616	137.0	4.0	48.05205510693585	
14	215	no	1353.0	138.12489155999984	42.5440947723653	38.07886552931954	-1.0	-1.0	-1.0	-1.0	-1.0	-1.0	-1.0	-1.0	-1.0	-1.0	1.1172626647610515	-1.0	-1.0	-1.0	50.0	3.0	-1.0	
14	216	small	1737.0	176.99494920000004	45.31004303683677	39.92492955535426	10.070160172015761	11.416571663990311	16.278820596099706	20.62162934433741	14.035668847618199	6.930030936954089	37.57051087392182	21.37755832643195	35.010614158735	0.7894051592276234	1.1348809764088943	0.6955840970438499	0.3684068586203483	0.1720647773279352	84.0	4.0	45.5411901469428	
14	217	complex	-1.0	-1.0	-1.0	-1.0	-1.0	-1.0	-1.0	-1.0	-1.0	-1.0	-1.0	-1.0	-1.0	-1.0	-1.0	-1.0	-1.0	-1.0	-1.0	-1.0	-1.0	
14	218	no	1323.0	139.78174579999987	45.09988913511872	36.05551275463989	-1.0	-1.0	-1.0	-1.0	-1.0	-1.0	-1.0	-1.0	-1.0	-1.0	1.2508458676493217	-1.0	-1.0	-1.0	116.0	3.0	-1.0	
14	219	small	1560.0	153.43860003999993	44.721359549995796	40.24922359499622	4.864514437760533	0.0	8.94427190999916	-1.0	13.892443989449804	1.7888543819998317	29.96331089849718	21.095023109728988	-1.0	-1.0	1.1111111111111112	-1.0	0.19744564120037247	0.06339468302658487	80.0	3.0	43.9089968002003	
14	220	large	2359.0	220.06601700000007	45.12205669071391	37.8549864614954	44.80964927337027	49.674163711130774	35.0	34.49537691838882	16.401219466856727	39.980447087449846	36.34924031473668	18.867962264113206	52.44186046511627	1.014628716271315	1.1919712806293112	0.8512190962651661	0.8295214668415472	0.7168850072780204	89.0	4.0	40.52159917870962	
14	221	medium	1748.0	180.16652208	45.17742799230607	38.47076812334269	20.409882833803977	27.082934223752282	20.808652046684813	20.83693521263235	15.811388300841896	16.689750468495234	37.950892878432654	20.518284528683193	36.658232811215775	0.9986426427083004	1.1743313220952827	0.850392579946252	0.4592445785807737	0.2584593232541397	126.0	3.0	43.60045871318328	
14	222	small	1478.0	151.2964644399999	42.485291572496	39.35733730830886	17.532727661391846	22.249023657212376	10.63014581273465	16.27386866853006	15.620499351813308	9.838699100999076	28.508026120027456	19.1049731745428	25.984800875573576	0.6532033672663784	1.0794757592385904	0.6051116587621349	0.25204051160785435	0.09319526627218935	81.0	4.0	41.86884283091664	
14	223	complex	-1.0	-1.0	-1.0	-1.0	-1.0	-1.0	-1.0	-1.0	-1.0	-1.0	-1.0	-1.0	-1.0	-1.0	-1.0	-1.0	-1.0	-1.0	-1.0	-1.0	-1.0	
14	224	complex	-1.0	-1.0	-1.0	-1.0	-1.0	-1.0	-1.0	-1.0	-1.0	-1.0	-1.0	-1.0	-1.0	-1.0	-1.0	-1.0	-1.0	-1.0	-1.0	-1.0	-1.0	
14	225	medium	2101.0	205.37972548000008	43.289721643826724	41.30375285612676	7.765166018425333	6.6325146151384615	28.0	27.892800335665143	15.0	5.22063878949031	49.19649812640656	21.0	45.20000000000002	1.0038432736421157	1.0480820421964483	0.9577907389180887	0.6221033991679735	0.44002741603838247	112.0	3.0	43.289721643826724	
14	226	small	1755.0	162.02438647999992	46.389654018972806	43.289721643826724	43.096132180483664	50.563208820743995	9.433981132056603	-1.0	15.811388300841896	22.33256578236795	21.205957560850017	22.02271554554524	28.91598950535693	-1.0	1.0716089699224975	-1.0	0.20425704275969014	0.06492718446601942	86.0	4.0	43.829214001622255	
14	227	large	3405.0	288.73506448000035	49.76946855251722	42.15447781671598	79.94105665450466	82.86491468403302	42.5440947723653	54.465815582780486	11.180339887498949	62.58857268513973	8.919574372023192	21.095023109728988	63.07703722794759	0.7811155367297158	1.1806448835378902	0.6616007468639046	0.9780573369582798	0.9865810968494749	80.0	3.0	43.56604182158393	
14	228	no	1288.0	130.46803731999987	42.44997055358225	37.107950630558946	-1.0	-1.0	-1.0	-1.0	-1.0	-1.0	-1.0	-1.0	-1.0	-1.0	1.143958904554111	-1.0	-1.0	-1.0	97.0	4.0	-1.0	
14	229	no	954.0	113.15432883999989	37.21558813185679	30.528675044947494	-1.0	-1.0	-1.0	-1.0	-1.0	-1.0	-1.0	-1.0	-1.0	-1.0	1.2190371209056445	-1.0	-1.0	-1.0	80.0	3.0	-1.0	
15	230	large	1856.0	191.23758988000003	42.7551166528639	36.6742416417845	4.7752919100680735	6.839111638525035	29.068883707497267	25.511410255466267	15.033296378372908	5.05202691302987	48.371825035335085	19.1049731745428	42.424857302833864	1.1394463660145464	1.1658077914868512	0.9773878458654973	0.6702077828066206	0.4919614147909968	70.0	3.0	40.607881008493905	
15	231	small	1653.0	168.26702716000003	45.27692569068709	39.6232255123179	30.11373315098244	39.39601455746357	15.033296378372908	17.2364916291497	15.033296378372908	19.612639030892744	28.9981440214352	20.396078054371138	30.90177588887764	0.8721784398948779	1.1426865204755121	0.7632700869980804	0.3358600956535125	0.14078674948240166	60.0	3.0	42.05948168962618	
15	232	medium	1685.0	176.16652208000002	44.28317965096906	35.35533905932738	10.4914770123316	14.613176047053216	21.213203435596427	22.433707468097865	15.132745950421556	9.213430544413756	41.43645737753168	21.02379604162864	36.51893249672296	0.9455950812304622	1.2525174649480941	0.7549556055648684	0.4971700448174882	0.3082298136645963	74.0	3.0	44.181444068749045	
15	233	small	1556.0	159.78174579999995	43.86342439892262	38.2099463490856	8.643866746337004	6.2824920881613835	15.0	17.681483866542592	15.0	4.559607525875532	34.127239752881934	19.4164878389476	41.666666666666664	0.8483450887503524	1.1479582828561683	0.7390034127717902	0.33110907942410756	0.16292974588938713	82.0	3.0	42.43819034784589	
15	234	small	1644.0	174.50966784	45.221676218380054	37.94733192202055	75.64474101184663	78.67653202433858	18.35755975068582	16.70093230298697	11.180339887498949	36.1552276855997	7.905694150420948	18.867962264113206	36.87298549431365	1.0991937107249132	1.191695803839591	0.922377763841544	0.36196773409168703	0.17765042979942694	76.0	4.0	38.48376280978771	
15	235	complex	-1.0	-1.0	-1.0	-1.0	-1.0	-1.0	-1.0	-1.0	-1.0	-1.0	-1.0	-1.0	-1.0	-1.0	-1.0	-1.0	-1.0	-1.0	-1.0	-1.0	-1.0	
15	236	complex	-1.0	-1.0	-1.0	-1.0	-1.0	-1.0	-1.0	-1.0	-1.0	-1.0	-1.0	-1.0	-1.0	-1.0	-1.0	-1.0	-1.0	-1.0	-1.0	-1.0	-1.0	
15	237	small	1827.0	166.50966783999993	48.16637831516918	44.181444068749045	81.95937562543942	82.23483398157467	9.219544457292887	-1.0	14.317821063276353	31.474236864567448	4.164644317955852	22.561028345356956	31.76552135740004	-1.0	1.0901947487325072	-1.0	0.18148042444927276	0.05241935483870968	90.0	3.0	45.5411901469428	
15	238	small	1701.0	163.9238813999999	47.38143096192854	41.012193308819754	29.871797657320517	44.14490260373328	10.0	-1.0	15.033296378372908	17.64404288827272	26.16295090390226	21.587033144922902	25.33333333333333	-1.0	1.155301073637997	-1.0	0.2192665013983686	0.07048458149779736	75.0	4.0	45.221676218380054	
15	239	small	2002.0	177.09545427999996	53.85164807134504	43.41658669218482	44.81336945643443	47.07387136757569	9.433981132056603	-1.0	11.40175425099138	23.95469862483969	23.262998705096376	24.186773244895647	32.71461199019629	-1.0	1.2403473458920844	-1.0	0.16955888931315927	0.043795620437956206	108.0	5.0	49.040799340956916	
15	240	large	2330.0	218.55129836000015	43.01162633521314	38.600518131237564	40.12610357779524	46.09643608399303	34.36568055487916	34.104500477902434	16.1245154965971	38.012977869228905	39.507241711501536	20.615528128088304	52.75858000678633	1.0076582290699714	1.114275880675443	0.9043166477400166	0.8217953045836968	0.7195571955719557	94.0	4.0	41.23105625617661	
15	241	no	1070.0	121.05382375999984	39.44616584663204	32.2490309931942	-1.0	-1.0	-1.0	-1.0	-1.0	-1.0	-1.0	-1.0	-1.0	-1.0	1.2231736778372262	-1.0	-1.0	-1.0	67.0	3.0	-1.0	
15	242	no	1258.0	129.39696951999986	41.72529209005013	36.796738985948195	-1.0	-1.0	-1.0	-1.0	-1.0	-1.0	-1.0	-1.0	-1.0	-1.0	1.1339399425037102	-1.0	-1.0	-1.0	81.0	3.0	-1.0	
16	243	no	1510.0	142.36753223999983	47.042533945356304	38.118237105091836	-1.0	-1.0	-1.0	-1.0	-1.0	-1.0	-1.0	-1.0	-1.0	-1.0	1.2341214473182538	-1.0	-1.0	-1.0	94.0	3.0	-1.0	
16	244	small	1630.0	167.43860003999998	45.48626166217664	38.8329756778952	3.0250119075636945	1.7332051002280764	15.264337522473747	17.866244674064003	13.892443989449804	0.6375551417124806	36.6183630066094	21.400934559032695	21.079323245321167	0.8543674286870491	1.1713308307729988	0.7293989078416254	0.33436782203304755	0.15602836879432624	92.0	3.0	44.94441010848846	
16	245	small	1811.0	180.85281360000002	45.60701700396552	41.23105625617661	8.972626614896399	9.415626391540343	17.69180601295413	20.18571819964671	13.45362404707371	6.314817739010611	39.242264130878674	21.93171219946131	38.6003040282635	0.8764516495263355	1.1061326375099443	0.7923567389706065	0.3822024910124035	0.1985440105890139	103.0	4.0	46.010868281309364	
16	246	complex	-1.0	-1.0	-1.0	-1.0	-1.0	-1.0	-1.0	-1.0	-1.0	-1.0	-1.0	-1.0	-1.0	-1.0	-1.0	-1.0	-1.0	-1.0	-1.0	-1.0	-1.0	
16	247	large	2279.0	218.79393904000014	43.657759905886145	38.27531841800928	10.491477012331599	13.57542944024783	35.22782990761707	32.15212611345078	15.132745950421556	12.025353594223624	54.91789714310955	20.396078054371138	51.231608591409874	1.0956609769230652	1.1406243425356932	0.960580040302602	0.7989057337460358	0.6794399410464259	100.0	4.0	43.41658669218482	
16	248	complex	-1.0	-1.0	-1.0	-1.0	-1.0	-1.0	-1.0	-1.0	-1.0	-1.0	-1.0	-1.0	-1.0	-1.0	-1.0	-1.0	-1.0	-1.0	-1.0	-1.0	-1.0	
16	249	no	1399.0	138.71067799999983	43.829214001622255	38.8329756778952	-1.0	-1.0	-1.0	-1.0	-1.0	-1.0	-1.0	-1.0	-1.0	-1.0	1.1286596825638333	-1.0	-1.0	-1.0	80.0	3.0	-1.0	
16	250	no	1011.0	115.98275595999989	38.01315561749642	33.12099032335839	-1.0	-1.0	-1.0	-1.0	-1.0	-1.0	-1.0	-1.0	-1.0	-1.0	1.147705888210953	-1.0	-1.0	-1.0	107.0	3.0	-1.0	
16	251	no	1307.0	133.05382375999986	41.677331968349414	38.07886552931954	-1.0	-1.0	-1.0	-1.0	-1.0	-1.0	-1.0	-1.0	-1.0	-1.0	1.094500358374888	-1.0	-1.0	-1.0	92.0	4.0	-1.0	
16	252	small	1682.0	176.26702716	44.04543109109048	39.05124837953327	5.527540151656176	1.1288347966606338	18.439088914585774	19.872092299065187	14.212670403551895	2.270383045932499	38.53910085980169	19.79898987322333	115.24430571616178	0.9278886509325028	1.127887914440519	0.8226780684965276	0.4252245100693498	0.22327272727272726	104.0	3.0	43.278170016764804	
16	253	complex	-1.0	-1.0	-1.0	-1.0	-1.0	-1.0	-1.0	-1.0	-1.0	-1.0	-1.0	-1.0	-1.0	-1.0	-1.0	-1.0	-1.0	-1.0	-1.0	-1.0	-1.0	
16	254	small	1047.0	149.7817457999999	52.392747589718944	21.93171219946131	20.259038655298124	66.37062226934319	8.0	19.342682699856333	15.033296378372908	14.085919024121157	21.840520048943798	19.1049731745428	15.375	0.41359309482233403	2.3889036621137962	0.1731309225154649	0.23951565660314536	0.11739594450373532	72.0	4.0	49.4064773081425	
17	255	no	1249.0	129.88225087999987	41.773197148410844	36.6742416417845	-1.0	-1.0	-1.0	-1.0	-1.0	-1.0	-1.0	-1.0	-1.0	-1.0	1.1390336999038828	-1.0	-1.0	-1.0	68.0	4.0	-1.0	
17	256	no	1803.0	160.5096678399999	51.42956348249516	43.829214001622255	-1.0	-1.0	-1.0	-1.0	-1.0	-1.0	-1.0	-1.0	-1.0	-1.0	1.1734082997836008	-1.0	-1.0	-1.0	117.0	4.0	-1.0	
17	257	small	2310.0	201.48023056	51.42956348249516	47.853944456021594	46.930587441167006	51.76617482255307	18.788294228055936	22.563975718118943	17.46424919657298	32.64659247149693	28.252634456131528	24.698178070456937	41.56198420145707	0.8326677205634855	1.0747194210867947	0.7747768433564381	0.37438102494874526	0.17737003058103976	84.0	4.0	49.040799340956916	
17	258	complex	-1.0	-1.0	-1.0	-1.0	-1.0	-1.0	-1.0	-1.0	-1.0	-1.0	-1.0	-1.0	-1.0	-1.0	-1.0	-1.0	-1.0	-1.0	-1.0	-1.0	-1.0	
17	259	no	1526.0	143.53910511999987	46.69047011971501	40.311288741492746	-1.0	-1.0	-1.0	-1.0	-1.0	-1.0	-1.0	-1.0	-1.0	-1.0	1.1582480138288438	-1.0	-1.0	-1.0	110.0	4.0	-1.0	
17	260	no	1244.0	129.39696951999989	41.88078318274385	35.510561809129406	-1.0	-1.0	-1.0	-1.0	-1.0	-1.0	-1.0	-1.0	-1.0	-1.0	1.179389484397758	-1.0	-1.0	-1.0	99.0	4.0	-1.0	
17	261	small	1855.0	169.09545427999993	48.877397639399746	44.41846462902562	4.635463426902646	9.83857511076556	9.219544457292887	-1.0	13.601470508735444	2.5983380076198275	32.50900300269285	23.021728866442675	15.20626163735319	-1.0	1.1003846721766335	-1.0	0.1915824893537775	0.052183777651730004	54.0	3.0	48.25971404805462	
17	262	no	1123.0	122.81118307999986	38.8329756778952	34.40930106817051	-1.0	-1.0	-1.0	-1.0	-1.0	-1.0	-1.0	-1.0	-1.0	-1.0	1.1285604319878704	-1.0	-1.0	-1.0	117.0	3.0	-1.0	
17	263	no	1455.0	140.1248915599999	43.965895873961216	39.84971769034255	-1.0	-1.0	-1.0	-1.0	-1.0	-1.0	-1.0	-1.0	-1.0	-1.0	1.1032925305921604	-1.0	-1.0	-1.0	85.0	4.0	-1.0	
17	264	large	2568.0	230.4507932800001	49.72926703662542	42.20189569201838	41.72354977018358	48.84413557629239	32.449961479175904	31.73545282794487	15.811388300841896	39.09166806275771	40.116681306337526	23.259406699226016	51.91993836668145	1.0225145251622776	1.178365716069733	0.8677395406349107	0.6650679364172386	0.4912891986062718	97.0	3.0	47.53945729601885	
17	265	small	1913.0	184.61017292000002	51.40038910358559	43.60045871318328	75.0101376403182	71.34211152588047	12.649110640673518	-1.0	8.48528137423857	34.10480018871519	1.055034771597281	22.02271554554524	35.99657622256603	-1.0	1.1788956038676695	-1.0	0.22434319510821024	0.037418655097613884	167.0	4.0	44.598206241955516	
17	266	complex	-1.0	-1.0	-1.0	-1.0	-1.0	-1.0	-1.0	-1.0	-1.0	-1.0	-1.0	-1.0	-1.0	-1.0	-1.0	-1.0	-1.0	-1.0	-1.0	-1.0	-1.0	
17	267	no	1276.0	130.95331867999985	42.1070065428546	38.05259518088089	-1.0	-1.0	-1.0	-1.0	-1.0	-1.0	-1.0	-1.0	-1.0	-1.0	1.1065475650925065	-1.0	-1.0	-1.0	102.0	3.0	-1.0	
17	268	medium	1900.0	191.82337632	43.289721643826724	37.21558813185679	3.5447664555948677	3.8589623971931246	27.459060435491963	25.800825467489613	15.297058540778355	3.0723228274434122	47.6413269009257	20.396078054371138	45.65068797400552	1.0642706168487444	1.1632147660934165	0.9149390532782095	0.626275904689557	0.44267274107820803	107.0	3.0	41.97618372363071	
17	269	no	1518.0	143.53910511999987	45.617978911828175	39.81205847478876	-1.0	-1.0	-1.0	-1.0	-1.0	-1.0	-1.0	-1.0	-1.0	-1.0	1.1458332138418827	-1.0	-1.0	-1.0	72.0	4.0	-1.0	
18	270	large	2588.0	234.4507932800001	45.044422518220834	40.049968789001575	33.91911853683766	35.819692364648034	38.27531841800928	36.98418584474037	17.4928556845359	34.166272181144336	48.339613201687676	21.095023109728988	58.38029241359391	1.0349103959916568	1.1247055585868726	0.9201611818225223	0.8399922510187645	0.7498309668695065	59.0	3.0	43.01162633521314	
18	271	small	1745.0	185.82337632000008	44.41846462902562	37.73592452822641	1.0139787227853105	11.894928439549659	21.18962010041709	24.93476609479972	13.416407864998739	4.705250434600281	41.2339175322474	20.591260281974	22.827992788593658	0.8498022407692166	1.1770869584976162	0.7219536625007451	0.47151585652183037	0.24821173104434907	89.0	3.0	44.41846462902562	
18	272	complex	-1.0	-1.0	-1.0	-1.0	-1.0	-1.0	-1.0	-1.0	-1.0	-1.0	-1.0	-1.0	-1.0	-1.0	-1.0	-1.0	-1.0	-1.0	-1.0	-1.0	-1.0	
18	273	small	2028.0	185.92388140000003	48.25971404805462	45.221676218380054	1.968152642762007	7.454298812748469	15.652475842498529	19.300247543106355	16.1245154965971	2.859527925560986	39.0299552691642	23.853720883753127	22.04124149249792	0.8109987090859498	1.0671810088375224	0.7599448475656146	0.30892556509596847	0.12666666666666668	50.0	6.0	48.25971404805462	
18	274	complex	-1.0	-1.0	-1.0	-1.0	-1.0	-1.0	-1.0	-1.0	-1.0	-1.0	-1.0	-1.0	-1.0	-1.0	-1.0	-1.0	-1.0	-1.0	-1.0	-1.0	-1.0	
18	275	small	1601.0	164.02438647999998	45.27692569068709	37.21558813185679	44.30130561701651	48.61388075200364	14.866068747318506	19.25678729119355	16.278820596099706	24.405367262541084	24.532730660205956	20.0	32.52872468472663	0.7719911178598835	1.2166118544269287	0.6345418343992063	0.3481468965368943	0.1576283441793203	105.0	4.0	41.43669871020132	
18	276	large	2175.0	212.3086576800001	41.593268686170845	35.35533905932738	9.395466019566896	6.256609340556054	36.40054944640259	32.642950183781295	15.811388300841896	7.260790256198609	55.295750288788014	19.924858845171276	66.62403595644595	1.1151121219579065	1.1764352935882194	0.9478737403029857	0.8743461198166425	0.8019884009942005	99.0	3.0	41.7612260356422	
18	277	complex	-1.0	-1.0	-1.0	-1.0	-1.0	-1.0	-1.0	-1.0	-1.0	-1.0	-1.0	-1.0	-1.0	-1.0	-1.0	-1.0	-1.0	-1.0	-1.0	-1.0	-1.0	
18	278	no	1474.0	139.53910511999985	44.04543109109048	41.048751503547585	-1.0	-1.0	-1.0	-1.0	-1.0	-1.0	-1.0	-1.0	-1.0	-1.0	1.0730029410829685	-1.0	-1.0	-1.0	88.0	3.0	-1.0	
18	279	medium	2012.0	196.65180344	46.09772228646444	39.11521443121589	4.96974072811031	3.731396999160438	27.0	27.83183553465849	16.0	3.557659508225961	47.32173981188276	20.0	54.66666666666679	0.9701120850034263	1.1785113019775793	0.8231674005803318	0.6089195161795975	0.43919885550786836	94.0	4.0	44.181444068749045	
18	280	no	1115.0	123.39696951999987	38.8329756778952	34.92849839314596	-1.0	-1.0	-1.0	-1.0	-1.0	-1.0	-1.0	-1.0	-1.0	-1.0	1.1117848594806876	-1.0	-1.0	-1.0	42.0	3.0	-1.0	
18	281	large	2715.0	244.10764752000017	46.2709412050371	38.2099463490856	78.32042246413276	76.67153574940637	40.311288741492746	39.18422162987098	16.1245154965971	56.40689236111482	12.92857088797828	17.11724276862369	57.968299512559824	1.0287632895267869	1.2109658773740835	0.8495394533804755	0.9569029939006419	0.895949720670391	98.0	5.0	38.07886552931954	
19	282	complex	-1.0	-1.0	-1.0	-1.0	-1.0	-1.0	-1.0	-1.0	-1.0	-1.0	-1.0	-1.0	-1.0	-1.0	-1.0	-1.0	-1.0	-1.0	-1.0	-1.0	-1.0	
19	283	complex	-1.0	-1.0	-1.0	-1.0	-1.0	-1.0	-1.0	-1.0	-1.0	-1.0	-1.0	-1.0	-1.0	-1.0	-1.0	-1.0	-1.0	-1.0	-1.0	-1.0	-1.0	
19	284	no	1365.0	136.2253966399999	44.10215414239989	37.73592452822641	-1.0	-1.0	-1.0	-1.0	-1.0	-1.0	-1.0	-1.0	-1.0	-1.0	1.1687047473664398	-1.0	-1.0	-1.0	97.0	4.0	-1.0	
19	285	no	1743.0	153.78174579999995	49.57822102496216	43.93176527297759	-1.0	-1.0	-1.0	-1.0	-1.0	-1.0	-1.0	-1.0	-1.0	-1.0	1.1285278594406427	-1.0	-1.0	-1.0	77.0	4.0	-1.0	
19	286	medium	1989.0	196.99494920000004	43.41658669218482	38.41874542459709	81.95239691138272	87.57366416839764	27.202941017470888	27.710414137005195	15.811388300841896	45.69682121872397	4.216691570992364	18.35755975068582	45.73782625310359	0.981686555927123	1.1300886120135492	0.868681044558082	0.6491110240400983	0.45928099779897286	92.0	3.0	38.600518131237564	
19	287	small	1552.0	152.22539663999999	47.43416490252569	39.21734310225516	45.32928246384665	52.125016348901795	7.211102550927978	-1.0	14.422205101855956	19.606121493043954	18.97119848379573	21.02379604162864	24.83824211986304	-1.0	1.2095201038695054	-1.0	0.18430177008450752	0.055064581917063225	91.0	4.0	42.05948168962618	
19	288	large	2225.0	210.55129836000006	48.25971404805462	37.44329045369811	38.541183621281334	55.98065001017355	30.0	30.936868435192455	18.0	36.84232356266256	32.582606528895646	18.973665961010276	44.449999999999996	0.9697167657044851	1.288874814774411	0.7523746717591131	0.6745213609874748	0.5177353342428377	120.0	3.0	42.720018726587654	
19	289	small	1751.0	176.50966784	46.04345773288535	40.049968789001575	32.955097841459036	36.17962044797895	18.027756377319946	20.41240305273977	15.264337522473747	21.371114343943013	30.961322505213182	19.72308292331602	36.2026781128221	0.8831765829207574	1.1496502775185606	0.7682132559712264	0.38964163004683394	0.21092669432918396	66.0	4.0	41.78516483155236	
19	290	no	1281.0	133.39696951999986	44.68780594300866	35.4682957019364	-1.0	-1.0	-1.0	-1.0	-1.0	-1.0	-1.0	-1.0	-1.0	-1.0	1.2599366577562654	-1.0	-1.0	-1.0	104.0	3.0	-1.0	
19	291	no	1130.0	121.98275595999988	38.8329756778952	35.22782990761707	-1.0	-1.0	-1.0	-1.0	-1.0	-1.0	-1.0	-1.0	-1.0	-1.0	1.1023380032131531	-1.0	-1.0	-1.0	106.0	3.0	-1.0	
19	292	no	1278.0	131.29646443999985	43.18564576337837	36.124783736376884	-1.0	-1.0	-1.0	-1.0	-1.0	-1.0	-1.0	-1.0	-1.0	-1.0	1.195457558404463	-1.0	-1.0	-1.0	100.0	4.0	-1.0	
20	293	no	1009.0	115.98275595999988	37.656340767525464	31.575306807693888	-1.0	-1.0	-1.0	-1.0	-1.0	-1.0	-1.0	-1.0	-1.0	-1.0	1.1925882778231571	-1.0	-1.0	-1.0	66.0	3.0	-1.0	
20	294	small	1357.0	150.61017291999994	41.78516483155236	35.11409973215888	22.166345822082448	27.32894963800799	12.041594578792296	17.332888341874725	14.142135623730951	12.348880328225096	27.083137749621322	18.384776310850235	26.898107370808763	0.6947252149372514	1.1899825184264614	0.5838112780479338	0.30885793962982444	0.1451476793248945	87.0	4.0	39.20459156782532	
20	295	no	1766.0	155.19595935999988	48.84669896727925	45.18849411078001	-1.0	-1.0	-1.0	-1.0	-1.0	-1.0	-1.0	-1.0	-1.0	-1.0	1.080954343101833	-1.0	-1.0	-1.0	65.0	3.0	-1.0	
20	296	small	1519.0	160.85281359999993	43.139309220245984	36.76955262170047	4.492581479915316	9.365655523030455	15.811388300841896	19.033371100345374	15.264337522473747	4.033444279593122	34.64823227814083	19.209372712298546	24.78541949861702	0.830719278129085	1.1732345417438188	0.7080590014800948	0.3495970184563249	0.17660728117738186	102.0	4.0	41.617304093369626	
20	297	complex	-1.0	-1.0	-1.0	-1.0	-1.0	-1.0	-1.0	-1.0	-1.0	-1.0	-1.0	-1.0	-1.0	-1.0	-1.0	-1.0	-1.0	-1.0	-1.0	-1.0	-1.0	
20	298	no	1402.0	140.95331867999994	44.721359549995796	38.47076812334269	-1.0	-1.0	-1.0	-1.0	-1.0	-1.0	-1.0	-1.0	-1.0	-1.0	1.162476387438193	-1.0	-1.0	-1.0	81.0	4.0	-1.0	
20	299	large	2377.0	215.13708480000014	46.06517122512408	38.01315561749642	35.78897345918335	45.52467195958002	33.52610922848042	36.39139083244579	24.041630560342615	35.62344296909926	38.90758280849634	20.12461179749811	49.924088243136445	0.9212648503279862	1.2118218147593496	0.7602312807934855	0.7867789922382251	0.6870120652945352	94.0	4.0	42.638011210655684	
20	300	large	1936.0	193.58073564000006	41.10960958218893	36.68787265568828	23.865760119632768	26.28826212490023	29.274562336608895	29.713257500923262	17.11724276862369	20.23857702507763	43.66565527073747	18.110770276274835	45.69687779373096	0.9852357095380493	1.1205231213049112	0.879264060513707	0.7108056860864567	0.5727051177904143	92.0	4.0	39.6232255123179	
20	301	no	1055.0	119.63961019999985	38.948684188300895	32.2490309931942	-1.0	-1.0	-1.0	-1.0	-1.0	-1.0	-1.0	-1.0	-1.0	-1.0	1.2077474264737005	-1.0	-1.0	-1.0	119.0	4.0	-1.0	
20	302	complex	-1.0	-1.0	-1.0	-1.0	-1.0	-1.0	-1.0	-1.0	-1.0	-1.0	-1.0	-1.0	-1.0	-1.0	-1.0	-1.0	-1.0	-1.0	-1.0	-1.0	-1.0	
20	303	no	1312.0	134.12489155999987	42.0	38.01315561749642	-1.0	-1.0	-1.0	-1.0	-1.0	-1.0	-1.0	-1.0	-1.0	-1.0	1.1048806477057784	-1.0	-1.0	-1.0	71.0	3.0	-1.0	
20	304	no	1733.0	152.61017291999994	49.040799340956916	43.965895873961216	-1.0	-1.0	-1.0	-1.0	-1.0	-1.0	-1.0	-1.0	-1.0	-1.0	1.1154281828247996	-1.0	-1.0	-1.0	99.0	4.0	-1.0	
20	305	no	1208.0	129.05382375999986	42.720018726587654	34.48187929913333	-1.0	-1.0	-1.0	-1.0	-1.0	-1.0	-1.0	-1.0	-1.0	-1.0	1.2389121357333148	-1.0	-1.0	-1.0	110.0	3.0	-1.0	
22	306	large	2072.0	205.58073564000009	40.36087214122113	34.713109915419565	6.376226822613404	10.828081050950232	36.40054944640259	30.871018378386516	16.401219466856727	8.845200340341279	53.66848445844535	17.69180601295413	47.08331939262937	1.1791172225107878	1.1626982497264766	1.0141214393228628	0.9046436326160398	0.8048780487804879	85.0	3.0	39.05124837953327	
22	307	small	1532.0	166.26702715999994	46.09772228646444	35.05709628591621	11.729503505883315	19.897980731496375	17.46424919657298	19.13068577311315	13.92838827718412	10.130652380131243	36.65449042099457	20.8806130178211	29.765709397078762	0.9128919581710849	1.3149327003726683	0.6942499474781941	0.3908086593845285	0.20440251572327045	68.0	3.0	44.14748010928823	
22	308	small	1547.0	164.2670271599999	42.485291572496	36.6742416417845	13.45751790231872	20.22485943116808	18.110770276274835	18.49863461372286	15.297058540778355	10.73312629199899	36.128899758635285	19.4164878389476	31.047034759328284	0.9790328126617358	1.1584504456144153	0.8451227381957451	0.41695996127818796	0.21619496855345913	64.0	5.0	42.05948168962618	
22	309	medium	1839.0	188.9949492	47.853944456021594	34.438350715445125	12.528807709151513	21.455670931612595	25.079872407968907	23.898827700156087	16.1245154965971	13.227749712079332	44.223952900187975	20.615528128088304	36.1630050893948	1.0494185205496547	1.389553897381031	0.7552197309708905	0.5434915736737818	0.3662704309063893	101.0	3.0	46.84015371452148	
22	310	no	1873.0	160.95331868	54.405882034941776	41.7612260356422	-1.0	-1.0	-1.0	-1.0	-1.0	-1.0	-1.0	-1.0	-1.0	-1.0	1.3027845970927114	-1.0	-1.0	-1.0	54.0	3.0	-1.0	
22	311	no	1612.0	147.8822508799999	48.84669896727925	40.311288741492746	-1.0	-1.0	-1.0	-1.0	-1.0	-1.0	-1.0	-1.0	-1.0	-1.0	1.211737468393089	-1.0	-1.0	-1.0	79.0	3.0	-1.0	
22	312	large	1707.0	184.75230851999999	39.96248240537617	34.9857113690718	7.6916816679091795	10.285782826310943	26.90724809414742	26.61361234657803	14.866068747318506	7.231782977553984	44.07513638162477	17.804493814764857	40.501014058378146	1.0110332916759097	1.1422515318840696	0.8851231654802652	0.7027693515225434	0.5079505300353356	64.0	4.0	38.27531841800928	
22	313	no	1462.0	140.71067799999986	46.66904755831214	38.18376618407357	-1.0	-1.0	-1.0	-1.0	-1.0	-1.0	-1.0	-1.0	-1.0	-1.0	1.222222222222222	-1.0	-1.0	-1.0	63.0	3.0	-1.0	
24	314	complex	-1.0	-1.0	-1.0	-1.0	-1.0	-1.0	-1.0	-1.0	-1.0	-1.0	-1.0	-1.0	-1.0	-1.0	-1.0	-1.0	-1.0	-1.0	-1.0	-1.0	-1.0	
24	315	no	1145.0	124.71067799999983	40.11234224026316	34.132096331752024	-1.0	-1.0	-1.0	-1.0	-1.0	-1.0	-1.0	-1.0	-1.0	-1.0	1.1752088664694147	-1.0	-1.0	-1.0	75.0	3.0	-1.0	
24	316	no	1626.0	149.78174579999992	50.08991914547278	39.81205847478876	-1.0	-1.0	-1.0	-1.0	-1.0	-1.0	-1.0	-1.0	-1.0	-1.0	1.2581594889697183	-1.0	-1.0	-1.0	51.0	3.0	-1.0	
24	317	medium	2288.0	215.27922040000016	48.76474136094644	39.35733730830886	45.51155586658706	54.00508546576006	29.274562336608895	29.999933772755693	17.11724276862369	37.404074113694826	29.727620820349486	19.6468827043885	46.23099714456677	0.9758208987512652	1.239025419299683	0.7875713311053899	0.6559364609720498	0.4517766497461929	103.0	4.0	42.5440947723653	
24	318	no	1187.0	127.53910511999985	40.01249804748511	37.013511046643494	-1.0	-1.0	-1.0	-1.0	-1.0	-1.0	-1.0	-1.0	-1.0	-1.0	1.0810241156820375	-1.0	-1.0	-1.0	79.0	4.0	-1.0	
24	319	large	2168.0	213.23758988000012	43.41658669218482	35.35533905932738	2.171311790914814	2.0373306968199074	34.9857113690718	33.233067205899054	15.264337522473747	1.3358949751441482	54.871486220076086	19.235384061671343	37.577245544558686	1.052737959825196	1.2280065146407002	0.8572739210045758	0.8867295401630448	0.7976782752902156	78.0	3.0	41.677331968349414	
24	320	no	1599.0	151.43860003999993	48.46648326421054	40.85339643163099	-1.0	-1.0	-1.0	-1.0	-1.0	-1.0	-1.0	-1.0	-1.0	-1.0	1.186351380730858	-1.0	-1.0	-1.0	49.0	4.0	-1.0	
24	321	no	1488.0	143.53910511999993	48.104053883222775	37.69615364994153	-1.0	-1.0	-1.0	-1.0	-1.0	-1.0	-1.0	-1.0	-1.0	-1.0	1.2760997933617397	-1.0	-1.0	-1.0	54.0	3.0	-1.0	
25	322	no	1318.0	135.7817457999999	44.04543109109048	36.05551275463989	-1.0	-1.0	-1.0	-1.0	-1.0	-1.0	-1.0	-1.0	-1.0	-1.0	1.2216004634526347	-1.0	-1.0	-1.0	71.0	4.0	-1.0	
25	323	no	1178.0	127.05382375999986	41.10960958218893	35.12833614050059	-1.0	-1.0	-1.0	-1.0	-1.0	-1.0	-1.0	-1.0	-1.0	-1.0	1.1702691928751028	-1.0	-1.0	-1.0	74.0	4.0	-1.0	
25	324	no	1475.0	144.36753223999986	47.53945729601885	37.16180835212409	-1.0	-1.0	-1.0	-1.0	-1.0	-1.0	-1.0	-1.0	-1.0	-1.0	1.2792557575659957	-1.0	-1.0	-1.0	81.0	4.0	-1.0	
25	325	no	1230.0	129.29646443999982	42.01190307520001	36.0	-1.0	-1.0	-1.0	-1.0	-1.0	-1.0	-1.0	-1.0	-1.0	-1.0	1.1669973076444446	-1.0	-1.0	-1.0	78.0	3.0	-1.0	
25	326	complex	-1.0	-1.0	-1.0	-1.0	-1.0	-1.0	-1.0	-1.0	-1.0	-1.0	-1.0	-1.0	-1.0	-1.0	-1.0	-1.0	-1.0	-1.0	-1.0	-1.0	-1.0	
25	327	no	1546.0	145.78174579999992	45.45327270945405	40.45985664828782	-1.0	-1.0	-1.0	-1.0	-1.0	-1.0	-1.0	-1.0	-1.0	-1.0	1.1234165534636797	-1.0	-1.0	-1.0	89.0	3.0	-1.0	
25	328	complex	-1.0	-1.0	-1.0	-1.0	-1.0	-1.0	-1.0	-1.0	-1.0	-1.0	-1.0	-1.0	-1.0	-1.0	-1.0	-1.0	-1.0	-1.0	-1.0	-1.0	-1.0	
25	329	medium	1710.0	180.16652208000002	41.593268686170845	36.6742416417845	20.34410125591839	29.128821388543003	25.238858928247925	24.34949991891321	15.811388300841896	18.584737973647435	38.44660276201943	18.439088914585774	38.17933062922827	1.03652473407242	1.1341275735823777	0.9139401582472253	0.5870584571675417	0.387987012987013	86.0	2.0	39.408120990476064	
25	330	no	1156.0	123.98275595999985	39.35733730830886	35.77708763999664	-1.0	-1.0	-1.0	-1.0	-1.0	-1.0	-1.0	-1.0	-1.0	-1.0	1.10007102043459	-1.0	-1.0	-1.0	80.0	4.0	-1.0	
25	331	no	1660.0	150.71067799999997	48.041648597857254	42.04759208325728	-1.0	-1.0	-1.0	-1.0	-1.0	-1.0	-1.0	-1.0	-1.0	-1.0	1.142554096860798	-1.0	-1.0	-1.0	91.0	3.0	-1.0	
25	332	complex	-1.0	-1.0	-1.0	-1.0	-1.0	-1.0	-1.0	-1.0	-1.0	-1.0	-1.0	-1.0	-1.0	-1.0	-1.0	-1.0	-1.0	-1.0	-1.0	-1.0	-1.0	
25	333	medium	1675.0	175.09545428000004	42.5440947723653	37.16180835212409	18.79988515865267	23.18344091603373	23.345235059857504	20.936748150475566	17.69180601295413	15.25476105373761	38.69564113711401	18.439088914585774	38.74950781035172	1.1150363414639073	1.1448338135012628	0.9739722292563796	0.5293477897107022	0.3126959247648903	85.0	4.0	40.45985664828782	
25	334	medium	1766.0	182.99494919999998	43.657759905886145	37.0	48.647799761980025	59.90080228417001	23.430749027719962	23.25452480955135	15.620499351813308	34.51849117427619	24.216216216216218	18.35755975068582	39.89846190369941	1.0075780614573655	1.1799394569158417	0.8539235259502219	0.5346777929332027	0.35118592195868403	85.0	4.0	38.600518131237564	
25	335	no	1179.0	127.29646443999984	41.048751503547585	35.05709628591621	-1.0	-1.0	-1.0	-1.0	-1.0	-1.0	-1.0	-1.0	-1.0	-1.0	1.1709113375724292	-1.0	-1.0	-1.0	50.0	3.0	-1.0	
40	336	no	1189.0	127.05382375999986	40.80441152620633	35.22782990761707	-1.0	-1.0	-1.0	-1.0	-1.0	-1.0	-1.0	-1.0	-1.0	-1.0	1.1583004582801018	-1.0	-1.0	-1.0	47.0	3.0	-1.0	
40	337	small	1367.0	151.09545427999993	46.17358552246078	34.23448553724738	7.832145954222057	23.404689551032334	9.486832980505138	-1.0	14.560219778561036	6.497221227363149	28.33400253509382	20.024984394500787	16.356608587077808	-1.0	1.3487448342760568	-1.0	0.22828427125560538	0.08664546899841018	66.0	4.0	44.04543109109048	
40	338	no	1236.0	131.29646443999988	42.7551166528639	34.52535300326414	-1.0	-1.0	-1.0	-1.0	-1.0	-1.0	-1.0	-1.0	-1.0	-1.0	1.2383687039730396	-1.0	-1.0	-1.0	59.0	3.0	-1.0	
40	339	no	1444.0	147.19595935999996	47.01063709417264	38.48376280978771	-1.0	-1.0	-1.0	-1.0	-1.0	-1.0	-1.0	-1.0	-1.0	-1.0	1.2215707005193435	-1.0	-1.0	-1.0	75.0	5.0	-1.0	
40	340	medium	1976.0	198.06601700000004	44.68780594300866	37.013511046643494	30.302680720488098	47.41667611124518	27.018512172212592	28.732439589131552	17.029386365926403	29.426371965476406	34.14969194376451	20.248456731316587	39.9655157552976	0.940348698494531	1.207337663446578	0.7788613964134312	0.6630547677530889	0.48348348348348347	75.0	3.0	41.677331968349414	
40	341	no	1254.0	131.0538237599999	42.5440947723653	35.35533905932738	-1.0	-1.0	-1.0	-1.0	-1.0	-1.0	-1.0	-1.0	-1.0	-1.0	1.2033287165193058	-1.0	-1.0	-1.0	66.0	3.0	-1.0	
40	342	no	1370.0	136.1248915599999	44.721359549995796	37.48332962798263	-1.0	-1.0	-1.0	-1.0	-1.0	-1.0	-1.0	-1.0	-1.0	-1.0	1.1930999725437872	-1.0	-1.0	-1.0	41.0	3.0	-1.0	
42	343	complex	-1.0	-1.0	-1.0	-1.0	-1.0	-1.0	-1.0	-1.0	-1.0	-1.0	-1.0	-1.0	-1.0	-1.0	-1.0	-1.0	-1.0	-1.0	-1.0	-1.0	-1.0	
42	344	no	1404.0	137.05382375999991	42.95346318982906	40.024992192379	-1.0	-1.0	-1.0	-1.0	-1.0	-1.0	-1.0	-1.0	-1.0	-1.0	1.0731660604298046	-1.0	-1.0	-1.0	63.0	3.0	-1.0	
42	345	no	1024.0	119.05382375999986	37.57658845611187	33.1058907144937	-1.0	-1.0	-1.0	-1.0	-1.0	-1.0	-1.0	-1.0	-1.0	-1.0	1.1350423639156433	-1.0	-1.0	-1.0	57.0	3.0	-1.0	
42	346	no	1606.0	146.95331867999988	47.75981574503821	41.43669871020132	-1.0	-1.0	-1.0	-1.0	-1.0	-1.0	-1.0	-1.0	-1.0	-1.0	1.1525970270715655	-1.0	-1.0	-1.0	57.0	4.0	-1.0	
42	347	no	1225.0	129.05382375999986	41.97618372363071	35.90264614203248	-1.0	-1.0	-1.0	-1.0	-1.0	-1.0	-1.0	-1.0	-1.0	-1.0	1.1691668507544275	-1.0	-1.0	-1.0	52.0	4.0	-1.0	
42	348	small	1319.0	138.2253966399999	43.08131845707603	35.84689665786984	6.095861544595813	9.162347045721702	5.830951894845301	-1.0	14.317821063276353	2.9711254108328298	25.134672286957763	19.235384061671343	18.65904606350498	-1.0	1.2018144518409222	-1.0	0.16750595586958517	0.042687747035573126	78.0	5.0	42.5440947723653	
42	349	no	1140.0	123.88225087999986	39.11521443121589	35.05709628591621	-1.0	-1.0	-1.0	-1.0	-1.0	-1.0	-1.0	-1.0	-1.0	-1.0	1.1157573950849426	-1.0	-1.0	-1.0	57.0	4.0	-1.0	
42	350	no	1519.0	144.95331867999988	50.00999900019995	36.6742416417845	-1.0	-1.0	-1.0	-1.0	-1.0	-1.0	-1.0	-1.0	-1.0	-1.0	1.363627351552962	-1.0	-1.0	-1.0	89.0	3.0	-1.0	
42	351	medium	1800.0	184.75230852000004	44.64302857109943	37.36308338453881	4.2794635302452235	2.842137883655667	22.135943621178654	24.973074459630766	16.76305461424021	2.598390022201472	42.287730478202946	20.248456731316587	52.40345836850452	0.8863924086304086	1.1948432657882064	0.7418482691499114	0.5378285949140594	0.3264554163596168	75.0	3.0	44.01136216933077	
45	352	small	1886.0	164.02438647999992	51.24451190127583	43.289721643826724	33.38471500287392	42.46923698236458	5.0	-1.0	15.811388300841896	15.826084977888307	22.776769232024094	22.825424421026653	23.439306358381508	-1.0	1.183757020266807	-1.0	0.14376657307392157	0.03285870755750274	69.0	3.0	49.040799340956916	
45	353	large	1714.0	185.82337632000002	38.47076812334269	36.49657518178932	19.099860320956573	15.80251395393553	28.635642126552707	26.036825625518464	14.317821063276353	13.360793794187934	43.73013062322504	17.0	49.06240017682696	1.0998131084953446	1.0540925533894596	1.0433743270065512	0.7249716183267562	0.5303571428571429	66.0	3.0	37.33630940518894	
45	354	small	1486.0	158.85281359999996	43.965895873961216	36.68787265568828	7.414630290974742	6.893694751299847	11.180339887498949	19.146130189609394	15.033296378372908	3.9121231714026536	31.69984836446172	20.223748416156685	32.59353323135281	0.5839477626432583	1.1983768120483953	0.487282261115443	0.30677007219906566	0.11729323308270677	95.0	5.0	43.41658669218482	
45	355	small	1305.0	137.53910511999987	43.382023926967726	34.88552708502482	0.26525634337599513	0.5906572146466686	6.708203932499369	-1.0	13.416407864998739	0.04610204455575741	26.60128934667463	19.697715603592208	4.472135954999597	-1.0	1.243553632462964	-1.0	0.18230605358426127	0.0549717057396928	112.0	4.0	42.5440947723653	
45	356	medium	1666.0	175.33809495999998	43.41658669218482	37.36308338453881	14.520149018537026	20.541199830742713	20.808652046684813	20.982277748296493	15.264337522473747	12.184283480194042	38.64777393071206	19.72308292331602	34.724848368127	0.9917251261424286	1.1620183014700283	0.853450522154283	0.4554512203078052	0.27370030581039756	90.0	3.0	42.15447781671598	
45	357	no	1431.0	141.53910511999987	44.553338819890925	38.18376618407357	-1.0	-1.0	-1.0	-1.0	-1.0	-1.0	-1.0	-1.0	-1.0	-1.0	1.1668136297795082	-1.0	-1.0	-1.0	84.0	3.0	-1.0	
45	358	medium	1838.0	185.33809496000006	42.95346318982906	38.07886552931954	36.414501139254554	43.8542371618249	24.698178070456937	25.552204370781123	17.08800749063506	28.076897889937044	31.644850319193136	18.35755975068582	40.52517381356608	0.9665771967094642	1.1280132060855708	0.856884645937505	0.5715519240264157	0.3861236802413273	104.0	4.0	39.20459156782532	
45	359	complex	-1.0	-1.0	-1.0	-1.0	-1.0	-1.0	-1.0	-1.0	-1.0	-1.0	-1.0	-1.0	-1.0	-1.0	-1.0	-1.0	-1.0	-1.0	-1.0	-1.0	-1.0	
48	360	complex	-1.0	-1.0	-1.0	-1.0	-1.0	-1.0	-1.0	-1.0	-1.0	-1.0	-1.0	-1.0	-1.0	-1.0	-1.0	-1.0	-1.0	-1.0	-1.0	-1.0	-1.0	
48	361	large	2338.0	221.72287124000013	42.05948168962618	38.47076812334269	2.7070043183998678	4.435522370029531	36.89173349139343	36.85287091034697	16.64331697709324	3.3286192405583184	56.45845159722995	19.72308292331602	43.04035573995904	1.0010545333399126	1.0932841672091802	0.915639833964941	0.8908729652504114	0.8194552529182879	187.0	4.0	40.8166632639171	
48	362	complex	-1.0	-1.0	-1.0	-1.0	-1.0	-1.0	-1.0	-1.0	-1.0	-1.0	-1.0	-1.0	-1.0	-1.0	-1.0	-1.0	-1.0	-1.0	-1.0	-1.0	-1.0	
48	363	complex	-1.0	-1.0	-1.0	-1.0	-1.0	-1.0	-1.0	-1.0	-1.0	-1.0	-1.0	-1.0	-1.0	-1.0	-1.0	-1.0	-1.0	-1.0	-1.0	-1.0	-1.0	
48	364	no	1745.0	154.95331867999994	50.93132631298737	41.012193308819754	-1.0	-1.0	-1.0	-1.0	-1.0	-1.0	-1.0	-1.0	-1.0	-1.0	1.2418581451978694	-1.0	-1.0	-1.0	73.0	3.0	-1.0	
48	365	no	1486.0	144.46803731999995	45.221676218380054	40.22437072223753	-1.0	-1.0	-1.0	-1.0	-1.0	-1.0	-1.0	-1.0	-1.0	-1.0	1.1242357656916637	-1.0	-1.0	-1.0	54.0	4.0	-1.0	
48	366	complex	-1.0	-1.0	-1.0	-1.0	-1.0	-1.0	-1.0	-1.0	-1.0	-1.0	-1.0	-1.0	-1.0	-1.0	-1.0	-1.0	-1.0	-1.0	-1.0	-1.0	-1.0	
48	367	complex	-1.0	-1.0	-1.0	-1.0	-1.0	-1.0	-1.0	-1.0	-1.0	-1.0	-1.0	-1.0	-1.0	-1.0	-1.0	-1.0	-1.0	-1.0	-1.0	-1.0	-1.0	
48	368	complex	-1.0	-1.0	-1.0	-1.0	-1.0	-1.0	-1.0	-1.0	-1.0	-1.0	-1.0	-1.0	-1.0	-1.0	-1.0	-1.0	-1.0	-1.0	-1.0	-1.0	-1.0	
48	369	no	1112.0	122.22539663999986	39.293765408777	34.20526275297414	-1.0	-1.0	-1.0	-1.0	-1.0	-1.0	-1.0	-1.0	-1.0	-1.0	1.1487637353512337	-1.0	-1.0	-1.0	63.0	3.0	-1.0	
48	370	no	1864.0	160.85281359999996	51.54609587543949	44.27188724235731	-1.0	-1.0	-1.0	-1.0	-1.0	-1.0	-1.0	-1.0	-1.0	-1.0	1.1643076246842838	-1.0	-1.0	-1.0	54.0	3.0	-1.0	
48	371	large	2317.0	221.37972548000016	43.08131845707603	36.40054944640259	7.0578466498810855	4.35422106306963	36.68787265568828	35.68441990926661	15.811388300841896	5.199469468957452	55.68597262479853	19.6468827043885	68.48402895728451	1.0281201922007732	1.1835348397834058	0.8686860391781331	0.8974979397708537	0.8345209817893904	72.0	3.0	42.720018726587654	
48	372	small	1526.0	158.95331867999994	44.68780594300866	37.64306044943742	23.898097251279786	27.46761070017685	13.341664064126334	18.32988318325206	14.317821063276353	14.29920280299576	30.07194384528099	19.924858845171276	31.00117577082446	0.7278641075201482	1.1871459283453805	0.6131210074018703	0.30019140634595637	0.1337295690936107	65.0	3.0	42.5440947723653	
48	373	no	1644.0	149.78174579999987	49.193495504995376	40.70626487409524	-1.0	-1.0	-1.0	-1.0	-1.0	-1.0	-1.0	-1.0	-1.0	-1.0	1.2084993712184402	-1.0	-1.0	-1.0	58.0	3.0	-1.0	
49	374	no	1675.0	152.02438647999992	49.8196748283246	41.400483088968905	-1.0	-1.0	-1.0	-1.0	-1.0	-1.0	-1.0	-1.0	-1.0	-1.0	1.203359746340713	-1.0	-1.0	-1.0	50.0	3.0	-1.0	
49	375	medium	1927.0	191.58073564	43.68065933568311	39.56008088970496	14.52014901853704	22.344767291320238	24.20743687382041	30.574841006807727	15.811388300841896	14.148138086714969	41.05148330024337	19.72308292331602	37.21441788064924	0.7917436714856648	1.1041600106295657	0.7170551947758291	0.6056754302479591	0.41899852724594994	91.0	3.0	42.5440947723653	
49	376	large	2233.0	215.1370848000001	43.86342439892262	35.77708763999664	32.75851092790231	46.33719366170584	34.539832078341085	33.48560914439804	16.15549442140351	35.92970730389919	39.354796403996296	20.223748416156685	49.66676583527879	1.031482865651241	1.2260199835239227	0.841326307493351	0.8275636566590229	0.7350427350427351	111.0	3.0	41.593268686170845	
49	377	no	1476.0	142.71067799999992	45.70557952810576	39.6232255123179	-1.0	-1.0	-1.0	-1.0	-1.0	-1.0	-1.0	-1.0	-1.0	-1.0	1.1535047673970156	-1.0	-1.0	-1.0	78.0	3.0	-1.0	
49	378	no	1333.0	135.29646443999985	44.384682042344295	37.33630940518894	-1.0	-1.0	-1.0	-1.0	-1.0	-1.0	-1.0	-1.0	-1.0	-1.0	1.18878064676033	-1.0	-1.0	-1.0	88.0	4.0	-1.0	
49	379	no	1095.0	121.63961019999986	38.05259518088089	35.05709628591621	-1.0	-1.0	-1.0	-1.0	-1.0	-1.0	-1.0	-1.0	-1.0	-1.0	1.085446292258041	-1.0	-1.0	-1.0	56.0	3.0	-1.0	
49	380	complex	-1.0	-1.0	-1.0	-1.0	-1.0	-1.0	-1.0	-1.0	-1.0	-1.0	-1.0	-1.0	-1.0	-1.0	-1.0	-1.0	-1.0	-1.0	-1.0	-1.0	-1.0	
49	381	complex	-1.0	-1.0	-1.0	-1.0	-1.0	-1.0	-1.0	-1.0	-1.0	-1.0	-1.0	-1.0	-1.0	-1.0	-1.0	-1.0	-1.0	-1.0	-1.0	-1.0	-1.0	
49	382	no	1322.0	135.05382375999991	44.40720662234904	35.510561809129406	-1.0	-1.0	-1.0	-1.0	-1.0	-1.0	-1.0	-1.0	-1.0	-1.0	1.250535174887951	-1.0	-1.0	-1.0	140.0	4.0	-1.0	
49	383	small	1695.0	162.95331867999997	48.76474136094644	40.26164427839479	6.911227119024679	15.461217740441903	10.0	-1.0	14.0	5.557293906146545	33.803885171434494	24.186773244895647	20.846153846153843	-1.0	1.2111959716239056	-1.0	0.21346344758784602	0.0741444866920152	142.0	4.0	47.16990566028302	
49	384	small	1526.0	155.43860003999987	44.04543109109048	39.05124837953327	51.68817898247468	55.732664556655784	10.0	-1.0	13.038404810405298	23.839021982291243	17.82273368665912	19.849433241279208	28.84615384615385	-1.0	1.127887914440519	-1.0	0.2149081189275455	0.06638714185883997	74.0	5.0	41.10960958218893	
49	385	no	976.0	115.98275595999986	38.27531841800928	31.622776601683793	-1.0	-1.0	-1.0	-1.0	-1.0	-1.0	-1.0	-1.0	-1.0	-1.0	1.2103718436910205	-1.0	-1.0	-1.0	61.0	3.0	-1.0	
51	386	no	1588.0	146.12489155999987	46.486557196677836	42.37924020083418	-1.0	-1.0	-1.0	-1.0	-1.0	-1.0	-1.0	-1.0	-1.0	-1.0	1.09691813671928	-1.0	-1.0	-1.0	55.0	3.0	-1.0	
51	387	no	1652.0	151.19595935999996	47.853944456021594	41.593268686170845	-1.0	-1.0	-1.0	-1.0	-1.0	-1.0	-1.0	-1.0	-1.0	-1.0	1.1505213696256658	-1.0	-1.0	-1.0	81.0	3.0	-1.0	
51	388	medium	2244.0	213.9655119200001	49.39635614091387	39.56008088970496	39.57477363157966	48.306240900993885	28.792360097775937	29.993870059438304	16.76305461424021	34.61793811514866	34.80781558154872	20.591260281974	46.360579818452784	0.9599414827335934	1.2486414342435959	0.7687887462385135	0.6112490101108166	0.43478260869565216	117.0	4.0	45.45327270945405	
51	389	large	2385.0	212.06601700000004	46.17358552246078	39.84971769034255	29.324809790951857	38.659808254090095	32.449961479175904	33.028964800132314	22.47220505424423	30.320365727694696	43.16216273765062	20.518284528683193	48.53626716970754	0.9824698314203874	1.1586929142449307	0.8479121770245913	0.7269937154852961	0.5659881812212738	176.0	4.0	43.266615305567875	
51	390	small	1320.0	136.0243864799998	42.190046219457976	37.21558813185679	11.44933798850003	5.440332031005506	7.0	-1.0	16.1245154965971	4.456027353515785	25.58067862926185	19.1049731745428	46.99999999999999	-1.0	1.1336659807706495	-1.0	0.18686111475524583	0.05179282868525897	83.0	3.0	40.44749683231337	
51	391	no	1419.0	139.29646443999994	43.86342439892262	39.395431207184416	-1.0	-1.0	-1.0	-1.0	-1.0	-1.0	-1.0	-1.0	-1.0	-1.0	1.1134139938268626	-1.0	-1.0	-1.0	77.0	4.0	-1.0	
51	392	no	1057.0	120.81118307999988	38.58756276314948	33.61547262794322	-1.0	-1.0	-1.0	-1.0	-1.0	-1.0	-1.0	-1.0	-1.0	-1.0	1.1479107609236217	-1.0	-1.0	-1.0	63.0	4.0	-1.0	
51	393	no	1232.0	130.12489155999984	44.28317965096906	34.23448553724738	-1.0	-1.0	-1.0	-1.0	-1.0	-1.0	-1.0	-1.0	-1.0	-1.0	1.2935254891676005	-1.0	-1.0	-1.0	107.0	4.0	-1.0	
51	394	no	1190.0	125.63961019999985	39.6232255123179	36.796738985948195	-1.0	-1.0	-1.0	-1.0	-1.0	-1.0	-1.0	-1.0	-1.0	-1.0	1.076813505877493	-1.0	-1.0	-1.0	67.0	2.0	-1.0	
